2001,0.0980284,0.17954,0.0795964,0.111179,0.0737219,0.0698081,0.142405,0.0925089,0.0421093,0.111103
2002,0.0835737,0.0510227,0.0769691,0.140411,0.113148,0.0798093,0.0350692,0.0443371,0.0880007,0.28766
2003,0.136439,0.151573,0.175637,0.160269,0.120305,0.045812,0.0438815,0.0508529,0.0470127,0.0682177
2004,0.0667072,0.0293225,0.104281,0.0492963,0.203359,0.220966,0.0521752,0.0297417,0.15334,0.0908099
2005,0.126858,0.136277,0.0238423,0.101354,0.0226831,0.156827,0.0876099,0.0510072,0.137282,0.15626
2006,0.0936019,0.018151,0.041976,0.114742,0.100525,0.113243,0.127332,0.161267,0.127851,0.101311
2007,0.156086,0.0279234,0.14635,0.055826,0.0489045,0.0969851,0.0926226,0.106515,0.128037,0.14075
2008,0.17141,0.0808783,0.0906911,0.140081,0.133315,0.0354895,0.11003,0.114588,0.104825,0.0186917
2009,0.0500257,0.0442302,0.0746017,0.0606283,0.063012,0.141763,0.183211,0.194247,0.130969,0.0573113
2010,0.0474889,0.0404527,0.117404,0.115179,0.126085,0.152726,0.151706,0.110593,0.0734939,0.0648711
2011,0.133971,0.118713,0.10823,0.0681599,0.0775006,0.0191942,0.129999,0.102648,0.10872,0.132864
2012,0.154737,0.0543757,0.0489168,0.137716,0.0666801,0.0506318,0.0578123,0.162429,0.173411,0.0932908
2013,0.140961,0.110232,0.11858,0.043953,0.0281019,0.147442,0.124664,0.180918,0.0331074,0.0720414
2014,0.149083,0.0234587,0.0257588,0.176154,0.152574,0.19461,0.072695,0.0250456,0.0370581,0.143563
2015,0.170216,0.146115,0.0966966,0.0615679,0.0593526,0.0361648,0.118209,0.0984071,0.0339544,0.179318
2016,0.0258754,0.126046,0.123369,0.0890631,0.106231,0.1376,0.146056,0.0772289,0.054225,0.114305
2017,0.0877735,0.0350556,0.0287657,0.11403,0.0907292,0.179618,0.050984,0.0688987,0.206241,0.137905
2018,0.020059,0.146012,0.113586,0.1258,0.146596,0.110935,0.06786,0.0924709,0.0638353,0.112846
2019,0.155413,0.10703,0.0450585,0.119295,0.0476601,0.152228,0.166359,0.0214216,0.0464546,0.139082
2020,0.0366232,0.0262443,0.0897075,0.173509,0.165879,0.0629123,0.139479,0.232298,0.0268164,0.0465311
2021,0.0931775,0.108778,0.109348,0.0898098,0.0816174,0.118733,0.128659,0.0392186,0.126817,0.103841
2022,0.110233,0.148174,0.0969442,0.0600533,0.138542,0.170706,0.0404075,0.127898,0.0312366,0.0758054
2023,0.112618,0.102648,0.151511,0.149507,0.122778,0.0480132,0.0981957,0.0171275,0.120711,0.0768908
2024,0.125919,0.0175715,0.0442945,0.103814,0.104427,0.0293882,0.134507,0.14103,0.142935,0.156113
2025,0.164535,0.155312,0.123178,0.0794157,0.0227009,0.0746054,0.0718294,0.0873463,0.105466,0.115611
2026,0.140751,0.117877,0.190305,0.130227,0.110155,0.0518563,0.0532845,0.0824501,0.0810652,0.0420291
2027,0.0693754,0.128471,0.0910483,0.0811578,0.142048,0.140359,0.138902,0.136516,0.0178748,0.0542474
2028,0.161748,0.0702953,0.111958,0.0521933,0.145727,0.0423238,0.101524,0.0843947,0.115473,0.114363
2029,0.0477451,0.139906,0.136266,0.113526,0.136689,0.0326609,0.0825309,0.127411,0.115254,0.0680113
2030,0.0299467,0.100165,0.0660872,0.0862699,0.151123,0.139396,0.159472,0.111009,0.0989321,0.0575994
2031,0.152852,0.102452,0.0403878,0.136153,0.117506,0.0257676,0.146706,0.0863904,0.11572,0.0760644
2032,0.0544342,0.0701722,0.142389,0.136954,0.0584091,0.118831,0.126935,0.0761519,0.144805,0.0709176
2033,0.0892879,0.169857,0.154202,0.093539,0.0428864,0.193685,0.0622918,0.0684726,0.0358219,0.0899562
2034,0.0410581,0.11247,0.0847932,0.137059,0.138645,0.121452,0.0702995,0.136209,0.0945295,0.0634847
2035,0.042113,0.173471,0.0404712,0.195311,0.144594,0.0978321,0.0465423,0.193912,0.0420066,0.0237468
2036,0.0536317,0.106435,0.109008,0.138393,0.0561695,0.117904,0.13371,0.0557079,0.0865655,0.142476
2037,0.0248806,0.112281,0.141189,0.0789467,0.0436787,0.135963,0.109039,0.104902,0.102321,0.146799
2038,0.133885,0.0910187,0.0991583,0.0230904,0.0758812,0.170029,0.0860539,0.166226,0.0767676,0.0778895
2039,0.145302,0.122302,0.0777257,0.024971,0.174341,0.108727,0.100041,0.0843456,0.0750867,0.0871576
2040,0.0477756,0.072606,0.0308896,0.0954427,0.191374,0.0282364,0.089692,0.106906,0.149663,0.187415
2041,0.0583269,0.10657,0.135289,0.0512173,0.0996734,0.126021,0.134276,0.102475,0.0788892,0.107263
2042,0.0966665,0.0415345,0.0588676,0.106328,0.203134,0.142702,0.0211589,0.0987082,0.207038,0.0238627
2043,0.0576245,0.0695717,0.0377285,0.0437707,0.133119,0.201942,0.157785,0.111335,0.100109,0.0870142
2044,0.0265453,0.0399671,0.22872,0.105674,0.100284,0.151378,0.136327,0.0809174,0.0792004,0.0509873
2045,0.108615,0.0852165,0.125971,0.161533,0.148325,0.0447919,0.0165764,0.0982563,0.145307,0.0654077
2046,0.073619,0.124833,0.113491,0.0910107,0.0820705,0.157476,0.157715,0.0298026,0.04782,0.122162
2047,0.088064,0.109844,0.142725,0.146238,0.101927,0.0853571,0.049729,0.0975086,0.11303,0.0655774
2048,0.130179,0.166918,0.0836977,0.14122,0.0656805,0.0255045,0.0163961,0.103288,0.130855,0.136262
2049,0.0407054,0.140311,0.175452,0.0430697,0.115502,0.136348,0.109724,0.0766027,0.063173,0.0991105
2050,0.12942,0.152674,0.0468442,0.179037,0.105657,0.0418225,0.0969646,0.0832455,0.140395,0.0239397
2051,0.0705845,0.154515,0.0911059,0.0703143,0.173743,0.0912284,0.146762,0.0511721,0.0419274,0.108647
2052,0.162351,0.0309357,0.0595287,0.0480752,0.125049,0.109092,0.0777852,0.150495,0.127091,0.109598
2053,0.148115,0.170495,0.132321,0.160291,0.0419036,0.0272808,0.0375975,0.0211125,0.0795328,0.181351
2054,0.0984731,0.131102,0.158111,0.0606716,0.195774,0.031798,0.11279,0.0897235,0.0537472,0.0678095
2055,0.0583839,0.175972,0.0976439,0.0719869,0.0334411,0.0429714,0.14773,0.0335115,0.14549,0.192869
2056,0.143714,0.11861,0.0824095,0.0778941,0.129546,0.183937,0.0636341,0.0622526,0.0472774,0.0907259
2057,0.0499121,0.0385496,0.159208,0.224273,0.0606889,0.0882801,0.0426381,0.0655674,0.0635479,0.207334
2058,0.0732674,0.047404,0.0395094,0.0842979,0.143681,0.0764114,0.137262,0.157093,0.114738,0.126336
2059,0.111984,0.191238,0.0669288,0.0492881,0.186735,0.140839,0.0361408,0.0808504,0.113473,0.0225227
2060,0.0437253,0.0957308,0.119094,0.077108,0.0418901,0.161737,0.0455306,0.134717,0.146893,0.133574
2061,0.10115,0.0513424,0.159622,0.120367,0.036185,0.0578302,0.156241,0.0428767,0.143365,0.131021
2062,0.149712,0.15351,0.0432079,0.0729467,0.129848,0.0468899,0.141512,0.154101,0.0590232,0.0492497
2063,0.153725,0.06909,0.138204,0.128004,0.125869,0.0430911,0.0468241,0.0550575,0.0660888,0.174047
2064,0.0678337,0.068699,0.0669877,0.0377936,0.133818,0.023251,0.121023,0.121406,0.166795,0.192392
2065,0.0713661,0.101807,0.0573574,0.15779,0.0318778,0.132898,0.160143,0.147074,0.0800737,0.0596137
2066,0.109783,0.102834,0.027834,0.134691,0.159042,0.0389868,0.0751398,0.0972111,0.125143,0.129335
2067,0.0680308,0.129497,0.100695,0.0767243,0.0955074,0.128399,0.0535682,0.134451,0.108224,0.104903
2068,0.047088,0.117937,0.0275903,0.0982252,0.12133,0.0878716,0.152228,0.0444542,0.197429,0.105846
2069,0.137963,0.117648,0.111435,0.152883,0.0386097,0.0590464,0.0202163,0.137585,0.172447,0.0521671
2070,0.106471,0.0896161,0.127676,0.101969,0.0683369,0.154987,0.173953,0.0883261,0.0573022,0.0313629
2071,0.1447,0.131875,0.0627561,0.119641,0.034238,0.0914697,0.0941009,0.126532,0.102606,0.0920806
2072,0.0579786,0.111047,0.157535,0.0878159,0.0566243,0.139635,0.154249,0.114153,0.0452492,0.0757128
2073,0.0530219,0.14249,0.096556,0.168624,0.0450224,0.0323863,0.0863361,0.1582,0.102845,0.114518
2074,0.0314161,0.0719761,0.0649082,0.0503594,0.0976966,0.0788304,0.0881604,0.150824,0.196073,0.169756
2075,0.0631012,0.141514,0.058596,0.0212718,0.100228,0.14686,0.129724,0.0514433,0.145306,0.141956
2076,0.156319,0.154072,0.0487578,0.138632,0.0179153,0.121261,0.073609,0.0579326,0.127598,0.103904
2077,0.0436193,0.0495552,0.145658,0.184724,0.13513,0.0793877,0.123076,0.0703506,0.0412721,0.127227
2078,0.0368836,0.0835866,0.129008,0.126011,0.107641,0.0384281,0.160511,0.0620642,0.104157,0.151709
2079,0.0710269,0.156409,0.12346,0.0921174,0.149918,0.121873,0.0329609,0.149299,0.0656108,0.0373253
2080,0.198039,0.100867,0.186729,0.0897582,0.0408892,0.0893767,0.0465694,0.103937,0.0247892,0.119046
2081,0.128669,0.0970094,0.12797,0.0181345,0.126268,0.155716,0.152055,0.0382564,0.0463316,0.109591
2082,0.0978807,0.141054,0.150568,0.0722571,0.144504,0.0609794,0.151792,0.0251258,0.0302563,0.125582
2083,0.0393543,0.119496,0.187523,0.15025,0.0836016,0.034294,0.0261608,0.156612,0.177519,0.0251883
2084,0.0536169,0.131557,0.147875,0.0595188,0.0785683,0.113682,0.137774,0.0465358,0.0817516,0.149119
2085,0.178964,0.048336,0.0506011,0.0518757,0.0724926,0.112114,0.114717,0.1718,0.162065,0.0370341
2086,0.143668,0.0559172,0.068856,0.0827773,0.102026,0.136095,0.0678093,0.109251,0.149299,0.0843011
2087,0.0197573,0.122048,0.127364,0.0455355,0.151836,0.170172,0.0981595,0.0503567,0.108438,0.106333
2088,0.0858661,0.0223131,0.0654772,0.102971,0.130901,0.194077,0.104016,0.121408,0.0800874,0.0928824
2089,0.0383527,0.175649,0.207479,0.0905227,0.0378611,0.0489367,0.107178,0.11675,0.126838,0.0504333
2090,0.0266096,0.159091,0.0409694,0.0456652,0.144446,0.0405806,0.155896,0.101693,0.129089,0.155961
2091,0.139186,0.0181459,0.142406,0.156148,0.098997,0.091857,0.118867,0.0505561,0.0591461,0.12469
2092,0.0632583,0.121728,0.0468308,0.11595,0.133588,0.139701,0.0213885,0.126567,0.0926646,0.138324
2093,0.0750944,0.139872,0.120341,0.0471264,0.0876319,0.0802248,0.0798379,0.0994741,0.0772709,0.193127
2094,0.142242,0.157959,0.160799,0.0606703,0.115087,0.0530932,0.0237439,0.147141,0.0738567,0.0654088
2095,0.0459264,0.18467,0.0560938,0.147977,0.0546586,0.183029,0.0807917,0.123554,0.0262704,0.0970299
2096,0.0235864,0.0946035,0.143684,0.0796456,0.136078,0.0749534,0.153923,0.0822629,0.146941,0.0643209
2097,0.0449491,0.0809103,0.158266,0.0551046,0.0783032,0.13606,0.0646273,0.174039,0.112846,0.0948943
2098,0.178855,0.0889852,0.147103,0.0596477,0.112558,0.170074,0.0200487,0.0330061,0.0234154,0.166306
2099,0.0174179,0.125592,0.1074,0.119376,0.0950966,0.102538,0.0453186,0.160743,0.0627418,0.163776
2100,0.219944,0.0382839,0.13768,0.0986769,0.172276,0.0710604,0.0365803,0.057593,0.138583,0.029323
2101,0.0440393,0.0612616,0.166345,0.0860019,0.163121,0.132727,0.051137,0.142994,0.0940643,0.0583088
2102,0.111961,0.14024,0.048606,0.138068,0.0914894,0.0581305,0.132321,0.106612,0.0445296,0.128043
2103,0.0624832,0.0731524,0.183003,0.0899816,0.0498608,0.0551483,0.191149,0.0875895,0.178096,0.0295355
2104,0.0810683,0.0942549,0.109947,0.033559,0.154747,0.102156,0.0527957,0.0854919,0.137882,0.148098
2105,0.0803808,0.105133,0.0964398,0.070494,0.135352,0.0431975,0.0812048,0.191505,0.0841708,0.112122
2106,0.152509,0.0269357,0.155251,0.0693726,0.0507619,0.120211,0.137364,0.104516,0.114546,0.0685315
2107,0.0839816,0.0652125,0.079841,0.169031,0.089264,0.052926,0.152573,0.0699182,0.0926885,0.144564
2108,0.104627,0.0657048,0.031131,0.10294,0.035476,0.153651,0.163984,0.137308,0.106868,0.09831
2109,0.202499,0.0435952,0.144163,0.0763865,0.0934877,0.043663,0.15284,0.109865,0.0853175,0.0481832
2110,0.0923794,0.0922404,0.0649904,0.058308,0.149996,0.11298,0.0316927,0.133292,0.157002,0.107119
2111,0.181812,0.112537,0.092435,0.123202,0.0334912,0.060458,0.0915712,0.020245,0.164062,0.120187
2112,0.075274,0.0590646,0.194709,0.187779,0.16335,0.082619,0.0862988,0.0297042,0.0270724,0.0941297
2113,0.070688,0.141343,0.129294,0.124032,0.135466,0.0504539,0.0428951,0.085724,0.0809358,0.139167
2114,0.117774,0.0663532,0.102611,0.0683641,0.0440169,0.0238327,0.179621,0.156166,0.188599,0.0526624
2115,0.033551,0.0465407,0.113762,0.0208065,0.150327,0.173162,0.163628,0.13848,0.0681481,0.0915947
2116,0.0963402,0.0647419,0.0367061,0.0619888,0.11737,0.1836,0.15149,0.0935117,0.102919,0.0913316
2117,0.126863,0.142044,0.171925,0.076478,0.0525106,0.089549,0.0963031,0.0709125,0.100553,0.0728631
2118,0.056756,0.0697604,0.135838,0.141051,0.109174,0.14334,0.0404369,0.0467309,0.109493,0.14742
2119,0.128764,0.017762,0.0647425,0.164062,0.126657,0.0613597,0.170575,0.0887256,0.0617468,0.115606
2120,0.136618,0.0304869,0.204942,0.0439512,0.0654903,0.0377645,0.0470857,0.228045,0.0333024,0.172314
2121,0.0881337,0.0617891,0.182864,0.0678609,0.167365,0.155626,0.0436727,0.0303101,0.0185667,0.183812
2122,0.0406627,0.111302,0.124613,0.163137,0.105857,0.139982,0.0721787,0.0344373,0.122619,0.0852117
2123,0.15865,0.182108,0.12356,0.0623115,0.0276301,0.092508,0.071583,0.128912,0.0985269,0.0542105
2124,0.133778,0.18856,0.0234809,0.108487,0.0628295,0.0429587,0.036831,0.114672,0.185458,0.102945
2125,0.142788,0.0986914,0.157806,0.0643436,0.106133,0.193954,0.0841336,0.0368901,0.0760282,0.0392326
2126,0.118922,0.0951541,0.114528,0.0338053,0.0733505,0.158317,0.0971061,0.0778137,0.160979,0.0700232
2127,0.0890485,0.149346,0.0273814,0.0759148,0.12295,0.028581,0.172824,0.141497,0.10532,0.0871366
2128,0.0409546,0.0602734,0.120007,0.103264,0.117918,0.137006,0.0836443,0.0741066,0.138193,0.124632
2129,0.0770756,0.122306,0.128903,0.150399,0.0410056,0.019816,0.0876679,0.124659,0.0935709,0.154597
2130,0.149356,0.0705178,0.033655,0.0379577,0.0802371,0.0825716,0.147524,0.17999,0.0228976,0.195293
2131,0.0848248,0.139004,0.115851,0.114551,0.149929,0.0455133,0.0954511,0.122557,0.025191,0.107128
2132,0.172653,0.117426,0.134154,0.0557025,0.0404449,0.135686,0.124678,0.0949952,0.0915877,0.0326724
2133,0.175841,0.179399,0.0220453,0.0812922,0.0374072,0.0963564,0.102723,0.164685,0.114719,0.0255318
2134,0.0405173,0.138287,0.155305,0.0501808,0.0284238,0.0809679,0.139918,0.0980247,0.153947,0.114429
2135,0.118473,0.0508047,0.147144,0.138321,0.120433,0.0229725,0.0460388,0.122527,0.149527,0.0837594
2136,0.0410086,0.0522992,0.137191,0.111337,0.0886612,0.111649,0.126799,0.15938,0.0249183,0.146757
2137,0.101569,0.0960612,0.0258996,0.0449371,0.108806,0.0333962,0.166712,0.108146,0.0674134,0.247061
2138,0.0846867,0.0224526,0.0707481,0.0659195,0.158048,0.111097,0.124086,0.125286,0.095537,0.142138
2139,0.0209305,0.121367,0.0649182,0.0405884,0.114562,0.197743,0.0658473,0.157483,0.0673874,0.149173
2140,0.148004,0.0965897,0.0678706,0.0251265,0.0429388,0.0583379,0.02319,0.192418,0.165475,0.180049
2141,0.0433381,0.124632,0.134357,0.0653309,0.128253,0.0754722,0.100307,0.118237,0.137736,0.0723365
2142,0.0308911,0.0902323,0.12198,0.151593,0.152623,0.12169,0.127537,0.0890417,0.0964686,0.0179431
2143,0.143623,0.0408757,0.0917522,0.0919376,0.081541,0.141598,0.10155,0.0512289,0.154103,0.10179
2144,0.0888214,0.126273,0.0708236,0.139915,0.0931337,0.14036,0.0659709,0.133809,0.105302,0.0355921
2145,0.142687,0.0812818,0.0712981,0.0511095,0.0687409,0.0648732,0.073389,0.16959,0.0753749,0.201655
2146,0.0360457,0.0776504,0.095235,0.136975,0.135246,0.128746,0.050559,0.125932,0.076717,0.136893
2147,0.0772203,0.0399972,0.111948,0.174599,0.0761979,0.187309,0.0868087,0.122059,0.0980906,0.0257687
2148,0.15707,0.146361,0.102283,0.0179254,0.156985,0.0646394,0.118313,0.0459727,0.0595241,0.130927
2149,0.122349,0.0752643,0.0805114,0.0753161,0.0576789,0.0892987,0.130614,0.138901,0.12485,0.105218
2150,0.107358,0.151853,0.119003,0.103084,0.0338401,0.151545,0.0948233,0.15043,0.0147725,0.0732907
2151,0.110456,0.156608,0.0867729,0.0856473,0.0819283,0.0362401,0.119978,0.146942,0.0598051,0.115622
2152,0.0156859,0.0888115,0.0389503,0.158799,0.145241,0.126737,0.0618962,0.149649,0.0637706,0.150459
2153,0.17432,0.020294,0.0419438,0.108379,0.12959,0.176195,0.176937,0.0733012,0.0426791,0.0563606
2154,0.127199,0.113166,0.0614888,0.074716,0.098827,0.0600658,0.0704008,0.143546,0.166615,0.0839747
2155,0.104963,0.0727635,0.0991602,0.142656,0.120037,0.0331694,0.142985,0.12597,0.1313,0.0269961
2156,0.124395,0.0548611,0.0372168,0.131938,0.165385,0.0407751,0.155854,0.140939,0.0625449,0.0860913
2157,0.0632968,0.116911,0.144327,0.147468,0.0706016,0.0775668,0.0690985,0.0882981,0.106432,0.116
2158,0.194712,0.0259736,0.073773,0.0855945,0.161246,0.0725159,0.0734253,0.0665265,0.0794752,0.166758
2159,0.111658,0.172299,0.109202,0.0330926,0.172669,0.174524,0.0478849,0.0496077,0.0353365,0.0937265
2160,0.110337,0.0889955,0.191036,0.0463256,0.0909201,0.0824524,0.0704144,0.149066,0.104267,0.0661857
2161,0.0291668,0.0864703,0.0323273,0.143761,0.0864259,0.0752933,0.10572,0.135958,0.160255,0.144622
2162,0.0238411,0.0352606,0.0995654,0.124488,0.131166,0.174264,0.132183,0.0948761,0.160115,0.0242413
2163,0.0588738,0.0387618,0.0526377,0.170232,0.05373,0.193288,0.177287,0.0230323,0.185505,0.0466526
2164,0.143356,0.0234925,0.0870931,0.0661671,0.0580454,0.169166,0.0428726,0.144384,0.204405,0.061019
2165,0.137587,0.138645,0.0590711,0.0774994,0.0484587,0.120356,0.0799401,0.101962,0.127687,0.108792
2166,0.077662,0.133512,0.032416,0.125231,0.143913,0.136396,0.131882,0.105682,0.070912,0.0423944
2167,0.0485563,0.0947159,0.103462,0.115539,0.102276,0.148837,0.0380013,0.107707,0.147169,0.0937373
2168,0.0887753,0.118522,0.0607336,0.0391584,0.177098,0.12954,0.0708147,0.111064,0.114421,0.0898733
2169,0.0827766,0.0614965,0.134038,0.142999,0.0797085,0.0887648,0.120545,0.12559,0.0704427,0.0936381
2170,0.121224,0.0688732,0.0819783,0.134262,0.0898906,0.11052,0.0783758,0.029289,0.128235,0.157352
2171,0.12665,0.0212793,0.147734,0.149076,0.0295506,0.118232,0.133962,0.0314543,0.163654,0.0784084
2172,0.036999,0.0932618,0.0838869,0.0999823,0.120137,0.120353,0.11683,0.0804985,0.0979329,0.150118
2173,0.100363,0.149206,0.129892,0.0636139,0.0932598,0.0762578,0.110637,0.11408,0.0549012,0.107789
2174,0.122939,0.13672,0.108268,0.086735,0.0690582,0.117385,0.112919,0.129561,0.0171846,0.0992294
2175,0.101719,0.149314,0.133873,0.0772866,0.0472455,0.0770901,0.159983,0.115738,0.0685947,0.0691574
2176,0.155633,0.0933631,0.0305056,0.0712707,0.151427,0.107961,0.110701,0.0947737,0.120937,0.0634267
2177,0.0574025,0.139859,0.0370369,0.100585,0.116096,0.0211522,0.134244,0.135949,0.124719,0.132956
2178,0.100982,0.138477,0.119841,0.0199175,0.117992,0.0524018,0.116438,0.0950835,0.0816343,0.157233
2179,0.1559,0.171668,0.122426,0.209507,0.0407987,0.0197167,0.0280383,0.11353,0.0637016,0.0747143
2180,0.0556575,0.151444,0.120122,0.0350785,0.175524,0.0923,0.109173,0.0435616,0.163892,0.0532476
2181,0.107577,0.048163,0.151028,0.142953,0.08324,0.151146,0.105341,0.0390873,0.105741,0.0657236
2182,0.0525571,0.0671672,0.103053,0.0980815,0.130137,0.106547,0.102611,0.12415,0.0725241,0.143173
2183,0.0453371,0.136911,0.174774,0.0697185,0.031603,0.049205,0.0209169,0.214934,0.0963175,0.160283
2184,0.16761,0.0355571,0.145757,0.0403133,0.137744,0.0409348,0.0280319,0.13666,0.190372,0.0770188
2185,0.18755,0.0476922,0.111829,0.07116,0.105341,0.127862,0.129718,0.0294317,0.0666181,0.122798
2186,0.0709201,0.11957,0.0440162,0.0246595,0.220723,0.0937913,0.107398,0.139621,0.123371,0.0559307
2187,0.198834,0.0245108,0.102072,0.130836,0.0665735,0.0739784,0.0356949,0.193061,0.079475,0.0949632
2188,0.0395466,0.0941992,0.0224256,0.113251,0.176173,0.0770338,0.136001,0.138004,0.17422,0.0291466
2189,0.135184,0.0330025,0.103046,0.119063,0.0929851,0.189607,0.0442843,0.0297539,0.178347,0.0747274
2190,0.0644666,0.0500724,0.0852143,0.0236736,0.0925717,0.107796,0.142075,0.081178,0.190659,0.162293
2191,0.14328,0.0264893,0.0882795,0.136534,0.0465587,0.153648,0.137343,0.0521558,0.150596,0.0651155
2192,0.0276212,0.059363,0.180676,0.109467,0.109218,0.0918326,0.0290018,0.163345,0.0853396,0.144137
2193,0.0575093,0.0905858,0.179395,0.0800826,0.138608,0.171876,0.0423906,0.0348986,0.103102,0.101552
2194,0.167909,0.0938496,0.0721903,0.0682044,0.0720801,0.0633394,0.0768125,0.179318,0.0807654,0.125531
2195,0.0802889,0.0625997,0.13119,0.172558,0.0427762,0.242118,0.0511825,0.0521222,0.06433,0.100834
2196,0.14714,0.0356024,0.0795954,0.0855343,0.175192,0.08295,0.0554818,0.0925316,0.0883902,0.157582
2197,0.126417,0.108494,0.126412,0.191518,0.051296,0.0722708,0.11251,0.0256198,0.119303,0.066159
2198,0.144634,0.0341061,0.170735,0.0731874,0.124451,0.151562,0.0278301,0.0623199,0.18172,0.0294545
2199,0.0437437,0.130259,0.0370798,0.129663,0.0366932,0.17118,0.0603728,0.0230994,0.19631,0.171598
2200,0.0763042,0.0370654,0.153194,0.142525,0.127013,0.114117,0.0592653,0.0952358,0.0701761,0.125105
2201,0.059152,0.114341,0.143111,0.0803844,0.0791657,0.209009,0.134457,0.0611365,0.0693793,0.049864
2202,0.174024,0.02127,0.10371,0.173881,0.0817451,0.107947,0.0327057,0.0471192,0.170124,0.0874749
2203,0.0241757,0.0243436,0.0570899,0.122722,0.0404646,0.152849,0.0357256,0.247702,0.0470685,0.247859
2204,0.123671,0.0621215,0.115955,0.0589144,0.108812,0.0678963,0.133716,0.101635,0.132917,0.094361
2205,0.179388,0.124272,0.122066,0.138283,0.0373558,0.0559248,0.0676264,0.0931818,0.0744157,0.107486
2206,0.118266,0.0398613,0.100034,0.150057,0.143167,0.113481,0.104439,0.0174524,0.127133,0.0861102
2207,0.0501955,0.138905,0.106145,0.143164,0.133024,0.0448106,0.149439,0.124816,0.0679658,0.0415358
2208,0.127283,0.0196729,0.101184,0.130667,0.0719769,0.165088,0.0204444,0.0707574,0.16435,0.128577
2209,0.114697,0.110938,0.172074,0.170866,0.0186939,0.128411,0.0365179,0.0425885,0.060761,0.144452
2210,0.127836,0.126518,0.0961816,0.148875,0.0438181,0.0847903,0.139602,0.117068,0.0523419,0.0629687
2211,0.0387683,0.0314788,0.0572517,0.0782948,0.170489,0.0538899,0.166122,0.0580778,0.133322,0.212306
2212,0.0761634,0.172895,0.0603161,0.0898076,0.0277743,0.0243262,0.193527,0.172023,0.138615,0.0445523
2213,0.0561512,0.104136,0.0974291,0.169305,0.110122,0.0999814,0.11672,0.0224019,0.0664058,0.157347
2214,0.089663,0.072939,0.036886,0.158474,0.0415437,0.089667,0.138903,0.150441,0.0583345,0.163149
2215,0.0280608,0.0594366,0.108769,0.159211,0.0924703,0.113357,0.165565,0.127243,0.0251655,0.12072
2216,0.0559943,0.0926974,0.103132,0.145758,0.0195155,0.181239,0.0478814,0.146443,0.143532,0.063808
2217,0.0809735,0.186811,0.0512647,0.0331539,0.0566953,0.123677,0.0358427,0.164024,0.0599747,0.207583
2218,0.160556,0.158023,0.145176,0.10555,0.113306,0.0441255,0.061957,0.0434294,0.130553,0.0373253
2219,0.110691,0.164505,0.0950495,0.0785226,0.0592194,0.052943,0.100806,0.0321628,0.102171,0.20393
2220,0.0202026,0.11671,0.154551,0.112225,0.111737,0.13764,0.0328942,0.118936,0.0533993,0.141705
2221,0.0843392,0.0334855,0.134694,0.0412814,0.169574,0.173048,0.145173,0.0336079,0.0679562,0.116842
2222,0.129281,0.149278,0.022482,0.0884428,0.0853221,0.102935,0.0166798,0.117108,0.156246,0.132226
2223,0.158237,0.0201408,0.111779,0.0614543,0.0442658,0.067902,0.0695663,0.188387,0.193695,0.0845716
2224,0.105045,0.0957641,0.121249,0.0408351,0.11252,0.141222,0.0784195,0.158637,0.0513269,0.0949802
2225,0.172309,0.0901446,0.0562746,0.10245,0.174847,0.180535,0.0302148,0.0547075,0.0358761,0.102641
2226,0.0564458,0.0917178,0.122186,0.110707,0.11842,0.150243,0.136359,0.0783439,0.064491,0.0710854
2227,0.0258299,0.0234043,0.168951,0.126891,0.0849191,0.0731389,0.155137,0.0854164,0.140265,0.116046
2228,0.0826264,0.0312342,0.0246704,0.0749178,0.0348562,0.118124,0.19358,0.141619,0.16413,0.134242
2229,0.0616357,0.100724,0.164039,0.179588,0.184173,0.0557644,0.0774858,0.0835902,0.0716681,0.021331
2230,0.107751,0.032055,0.063254,0.103408,0.125383,0.140748,0.157484,0.115052,0.111738,0.043128
2231,0.136086,0.0401422,0.121935,0.100945,0.126135,0.109797,0.0880901,0.0806769,0.122348,0.0738455
2232,0.0263255,0.0300818,0.185339,0.0763892,0.0881511,0.108134,0.0831456,0.157607,0.187774,0.0570524
2233,0.172453,0.119707,0.0411003,0.147962,0.0725883,0.0784211,0.162802,0.109426,0.0359922,0.0595491
2234,0.0906487,0.171567,0.0305922,0.0802038,0.0528992,0.0607777,0.155134,0.0411009,0.15101,0.166066
2235,0.177598,0.0381362,0.0727416,0.158796,0.169913,0.064773,0.0952698,0.0631913,0.0518433,0.107738
2236,0.147318,0.0289626,0.0697145,0.0977952,0.11156,0.12365,0.0513739,0.153489,0.114671,0.101466
2237,0.119602,0.0990984,0.0302965,0.13332,0.0346488,0.133872,0.085617,0.17633,0.170303,0.0169117
2238,0.0155389,0.123262,0.0757613,0.129836,0.0963586,0.0571697,0.13527,0.141552,0.0851742,0.140077
2239,0.114972,0.0484153,0.118524,0.121734,0.16872,0.178482,0.0362957,0.0808436,0.0888322,0.043182
2240,0.131669,0.0339262,0.0365461,0.0942272,0.141945,0.0747845,0.110696,0.141739,0.167735,0.0667314
2241,0.158774,0.122044,0.0812559,0.105558,0.157967,0.0396929,0.0726536,0.0761347,0.0459824,0.139938
2242,0.130119,0.13579,0.0805803,0.0476067,0.120846,0.0971365,0.0613026,0.142341,0.0941836,0.0900931
2243,0.12535,0.15021,0.152677,0.0600503,0.0780193,0.0759639,0.132683,0.0502023,0.0430148,0.131829
2244,0.0240105,0.0930235,0.137295,0.131454,0.130223,0.0900163,0.125368,0.0585235,0.0808513,0.129236
2245,0.107385,0.0726829,0.21091,0.0492012,0.0740853,0.0738375,0.163718,0.185435,0.0405417,0.0222028
2246,0.0918162,0.0608004,0.19383,0.0305422,0.116513,0.0438249,0.185314,0.0209416,0.176836,0.0795822
2247,0.0932478,0.064538,0.116706,0.0454884,0.131138,0.0615741,0.120367,0.0545953,0.191657,0.120688
2248,0.102481,0.0657093,0.0707562,0.0942925,0.0684618,0.0598416,0.153882,0.0716559,0.122694,0.190226
2249,0.14424,0.105132,0.097068,0.140138,0.0703101,0.0909704,0.119861,0.0773295,0.0926974,0.0622538
2250,0.0371969,0.112782,0.105264,0.144825,0.165259,0.0311113,0.106078,0.174978,0.0802742,0.0422319
2251,0.0338508,0.202842,0.0591385,0.0804084,0.103998,0.10261,0.131032,0.0565621,0.0656727,0.163885
2252,0.16219,0.159498,0.0675001,0.0728759,0.124741,0.0770377,0.0564623,0.065461,0.154057,0.0601773
2253,0.0175292,0.0963149,0.0889804,0.15532,0.0795296,0.0859918,0.111231,0.160995,0.107119,0.0969878
2254,0.0850116,0.0553415,0.0315069,0.091249,0.128225,0.14757,0.077952,0.038179,0.186067,0.158898
2255,0.123671,0.129431,0.138029,0.135937,0.0402229,0.022088,0.126411,0.15204,0.0309764,0.101194
2256,0.097081,0.104765,0.132602,0.14424,0.0505511,0.0278205,0.0750615,0.14966,0.115084,0.103134
2257,0.0673371,0.0345379,0.228154,0.0658232,0.116571,0.0909797,0.0647838,0.226891,0.0278378,0.0770842
2258,0.118295,0.133436,0.178169,0.0546711,0.0861389,0.207006,0.0400285,0.073205,0.0230321,0.0860172
2259,0.0931673,0.0347329,0.0783853,0.0918042,0.0436631,0.0388003,0.199182,0.0963825,0.252025,0.0718573
2260,0.0805306,0.149525,0.0747993,0.0411304,0.106771,0.166979,0.108918,0.0720492,0.0650525,0.134246
2261,0.0407445,0.0345685,0.0211912,0.165101,0.170632,0.0543029,0.101192,0.139329,0.177303,0.0956368
2262,0.143512,0.037129,0.0606586,0.142813,0.126703,0.0683059,0.0529949,0.120911,0.131475,0.115496
2263,0.0921592,0.0547243,0.0839697,0.141866,0.0927063,0.102976,0.133298,0.135013,0.0489562,0.114331
2264,0.0449397,0.154682,0.0984143,0.108265,0.151477,0.0237101,0.145116,0.0332972,0.0845406,0.155559
2265,0.12293,0.163513,0.145221,0.15266,0.0484151,0.055424,0.124328,0.0748652,0.0786005,0.0340425
2266,0.157264,0.197145,0.108572,0.105735,0.0538915,0.0766816,0.066526,0.0524559,0.102036,0.0796934
2267,0.032967,0.117746,0.138414,0.0815213,0.0737446,0.0399578,0.171405,0.167583,0.0796356,0.0970256
2268,0.176036,0.138609,0.0450537,0.105493,0.0952543,0.107947,0.151987,0.0313107,0.118622,0.0296879
2269,0.102326,0.162091,0.08874,0.0457139,0.0904746,0.136749,0.125397,0.113767,0.0611697,0.0735719
2270,0.111736,0.100628,0.0545961,0.140113,0.0803838,0.150081,0.0985097,0.146134,0.0242036,0.0936149
2271,0.112968,0.0485288,0.161903,0.0966099,0.0982209,0.0840707,0.121568,0.0544815,0.148187,0.0734625
2272,0.0551635,0.0749651,0.0495503,0.179271,0.0893244,0.115205,0.18605,0.185991,0.0262052,0.0382748
2273,0.0576096,0.109378,0.0536518,0.0567245,0.068884,0.143121,0.136218,0.135493,0.12279,0.11613
2274,0.0403823,0.130143,0.0246662,0.121975,0.0643705,0.0358832,0.152599,0.159024,0.147879,0.123078
2275,0.115164,0.167417,0.0675434,0.0739411,0.0847597,0.0199788,0.160348,0.0915183,0.138339,0.08099
2276,0.144357,0.101759,0.0604554,0.114532,0.0930365,0.0998322,0.139675,0.0580158,0.0572153,0.131122
2277,0.168097,0.057709,0.121277,0.0861093,0.047339,0.0920736,0.129379,0.100596,0.125295,0.0721252
2278,0.0545849,0.114328,0.0289134,0.149085,0.16817,0.0327279,0.111148,0.169658,0.0264271,0.144958
2279,0.0692497,0.141466,0.183979,0.072818,0.0595997,0.0441014,0.113526,0.113418,0.167355,0.0344872
2280,0.0982068,0.183479,0.0444183,0.137269,0.131885,0.0823672,0.133812,0.0723825,0.091332,0.0248483
2281,0.0699277,0.161114,0.101034,0.0248579,0.162536,0.107287,0.049232,0.0884523,0.0959014,0.139657
2282,0.101621,0.098725,0.044369,0.0360954,0.177536,0.140645,0.163513,0.0860997,0.0588852,0.092511
2283,0.0813663,0.092362,0.0196221,0.0771907,0.177481,0.152257,0.172637,0.132247,0.0247145,0.0701217
2284,0.133737,0.155629,0.135897,0.0328057,0.169995,0.0516472,0.121103,0.0618949,0.0228161,0.114476
2285,0.105975,0.0767621,0.170122,0.0572632,0.0969753,0.17152,0.0191818,0.138116,0.104257,0.0598275
2286,0.0619196,0.14877,0.0919479,0.0436229,0.0414196,0.128399,0.144431,0.0722088,0.057948,0.209334
2287,0.176059,0.0538314,0.0418917,0.0319694,0.117151,0.142368,0.105454,0.119581,0.180772,0.0309225
2288,0.103099,0.11942,0.0217653,0.107527,0.0873308,0.0785868,0.0990447,0.0954229,0.134922,0.152882
2289,0.132828,0.124331,0.0828842,0.150484,0.0941699,0.0303236,0.0894429,0.0825023,0.187003,0.0260313
2290,0.0973398,0.122431,0.0490991,0.0344388,0.132313,0.0902282,0.0776742,0.144382,0.0876158,0.164479
2291,0.0205263,0.0755466,0.0924335,0.112902,0.0319191,0.155086,0.156285,0.149544,0.113001,0.0927567
2292,0.149189,0.140889,0.111495,0.140992,0.0186438,0.0918604,0.0791413,0.0211501,0.0921498,0.154489
2293,0.123707,0.152977,0.0615834,0.122799,0.0844745,0.103414,0.0695027,0.10971,0.133004,0.0388277
2294,0.134983,0.1073,0.0274716,0.1042,0.187893,0.163112,0.0731716,0.0656025,0.0371767,0.0990893
2295,0.16564,0.0562871,0.131957,0.123243,0.146994,0.0788311,0.0428726,0.151749,0.0491521,0.0532751
2296,0.085709,0.134075,0.0688572,0.0763653,0.0941998,0.160312,0.0256938,0.157978,0.0409083,0.155901
2297,0.157264,0.049114,0.0327472,0.17172,0.0217502,0.0327833,0.146581,0.139923,0.0926817,0.155435
2298,0.0948652,0.110338,0.0266508,0.0698415,0.103703,0.144433,0.0725369,0.0863731,0.139728,0.15153
2299,0.05909,0.19014,0.0245716,0.0566014,0.121541,0.0698448,0.176206,0.16447,0.0725323,0.0650032
2300,0.132112,0.0891556,0.0531087,0.111115,0.162023,0.0655113,0.0950965,0.0568412,0.050572,0.184465
2301,0.108025,0.0505299,0.0545801,0.0750803,0.0885656,0.0277285,0.0573063,0.203625,0.199132,0.135427
2302,0.0300894,0.109373,0.175958,0.117429,0.0275042,0.0174714,0.17492,0.121514,0.0697961,0.155946
2303,0.131073,0.122573,0.0724903,0.0311328,0.0468997,0.158185,0.152907,0.107179,0.0268276,0.150733
2304,0.0675767,0.143423,0.0713964,0.137297,0.130879,0.118265,0.0661478,0.0374915,0.0812429,0.146281
2305,0.0670271,0.104976,0.0383522,0.18985,0.0652134,0.0584502,0.0661669,0.132176,0.1011,0.176689
2306,0.0601693,0.130737,0.0476576,0.123182,0.117757,0.046294,0.0777239,0.131231,0.0750399,0.190208
2307,0.121038,0.0743242,0.178313,0.0490014,0.134541,0.069105,0.0736358,0.0211522,0.150446,0.128443
2308,0.152416,0.178032,0.0197728,0.0762298,0.0524367,0.167231,0.156396,0.0825727,0.0358935,0.0790191
2309,0.0957475,0.0509852,0.140266,0.120712,0.133072,0.16344,0.0569264,0.154111,0.0666178,0.0181227
2310,0.133009,0.16367,0.0694684,0.0355334,0.127359,0.0452283,0.111366,0.189662,0.0614692,0.0632344
2311,0.144072,0.126689,0.106547,0.032884,0.0783038,0.143381,0.048779,0.0589403,0.12556,0.134844
2312,0.0724983,0.098631,0.103879,0.0737265,0.133387,0.145675,0.108425,0.175262,0.044648,0.0438677
2313,0.130118,0.0600836,0.0673531,0.0822119,0.153381,0.117776,0.140318,0.127608,0.0367944,0.0843566
2314,0.156448,0.14295,0.0738112,0.171903,0.0250399,0.0478679,0.0940641,0.115397,0.0751916,0.0973268
2315,0.0297586,0.212229,0.0261932,0.0747328,0.160388,0.0981279,0.0864873,0.149964,0.127199,0.0349212
2316,0.16686,0.0179295,0.0774762,0.0558557,0.176598,0.020116,0.160232,0.122328,0.0566472,0.145956
2317,0.16668,0.144181,0.0656553,0.0402928,0.0466676,0.0306905,0.042253,0.202254,0.103076,0.15825
2318,0.209808,0.0469456,0.0877159,0.185402,0.0616104,0.0536254,0.0612909,0.0955549,0.160317,0.0377307
2319,0.156868,0.061537,0.0378575,0.100016,0.0171431,0.162473,0.167017,0.109009,0.0538505,0.134228
2320,0.155695,0.05076,0.104974,0.0678292,0.120181,0.0610762,0.100235,0.106953,0.118674,0.113622
2321,0.143962,0.0522257,0.103446,0.0328731,0.0735874,0.145742,0.0344214,0.133496,0.183439,0.0968073
2322,0.0700411,0.146752,0.1187,0.110182,0.106581,0.0263748,0.0735599,0.146978,0.050474,0.150357
2323,0.18331,0.0856036,0.177912,0.0619561,0.0706637,0.0413592,0.071881,0.0350368,0.125413,0.146865
2324,0.0756354,0.0419473,0.149776,0.0281057,0.132867,0.125985,0.0609024,0.146824,0.105951,0.132006
2325,0.173334,0.0365983,0.225831,0.0820212,0.0440131,0.146994,0.138481,0.0819592,0.0429408,0.0278267
2326,0.129122,0.0722012,0.137718,0.0790348,0.126744,0.0799011,0.012694,0.117534,0.122802,0.12225
2327,0.0904279,0.175578,0.106725,0.112604,0.0402543,0.0225736,0.139117,0.134634,0.0428125,0.135273
2328,0.120757,0.0658104,0.0173601,0.171171,0.142833,0.0930743,0.0506549,0.11046,0.11074,0.11714
2329,0.095777,0.0881714,0.102815,0.118723,0.116915,0.0435813,0.144168,0.178203,0.0500223,0.0616242
2330,0.153568,0.0550997,0.191269,0.0476899,0.0912402,0.0816895,0.0906003,0.0413461,0.0509396,0.196559
2331,0.0994337,0.136781,0.0167927,0.140777,0.121677,0.136151,0.116111,0.109962,0.0716668,0.0506482
2332,0.0593823,0.154662,0.14499,0.120287,0.0602593,0.145606,0.0196452,0.0220633,0.138235,0.13487
2333,0.0930594,0.158413,0.177457,0.109199,0.0401723,0.0296424,0.0214985,0.140384,0.0849367,0.145238
2334,0.137992,0.202072,0.116696,0.0967565,0.0387812,0.0821113,0.0864347,0.116603,0.0605359,0.0620167
2335,0.201668,0.128227,0.0316967,0.181546,0.055068,0.0799519,0.0588019,0.0866707,0.033877,0.142493
2336,0.0981462,0.0781807,0.0524844,0.103976,0.130144,0.065218,0.0659298,0.0953656,0.162785,0.14777
2337,0.0968503,0.168928,0.0598152,0.127088,0.12899,0.079671,0.0232006,0.0962616,0.0454678,0.173728
2338,0.198873,0.136548,0.0746694,0.0380416,0.0855158,0.133275,0.191803,0.071068,0.0345241,0.0356819
2339,0.0917818,0.131421,0.0298358,0.0252945,0.107944,0.171199,0.0860906,0.073249,0.122565,0.16062
2340,0.225869,0.0462501,0.0349985,0.248728,0.103272,0.0744036,0.0278961,0.0720118,0.0384803,0.128091
2341,0.0860327,0.1395,0.11023,0.168339,0.050738,0.0970161,0.0957997,0.106206,0.026068,0.120071
2342,0.0363185,0.14101,0.152374,0.113359,0.0422111,0.0680448,0.147156,0.0946188,0.110588,0.0943196
2343,0.0271068,0.0560731,0.201139,0.0619545,0.0462217,0.066443,0.167756,0.0731044,0.168189,0.132012
2344,0.0467105,0.127532,0.209127,0.0837579,0.0421204,0.164432,0.0621569,0.0403677,0.173315,0.0504808
2345,0.135189,0.0809892,0.0948993,0.159751,0.142094,0.0481256,0.0500021,0.0421097,0.107048,0.139792
2346,0.153718,0.053355,0.154207,0.130305,0.134445,0.0357231,0.0861489,0.0694436,0.0722773,0.110376
2347,0.0453379,0.110326,0.142019,0.0600253,0.146476,0.105966,0.077846,0.151103,0.0802343,0.0806657
2348,0.119193,0.0656489,0.0419704,0.066028,0.149478,0.101214,0.164851,0.0478887,0.117706,0.126021
2349,0.0508413,0.12536,0.185334,0.0420562,0.185144,0.0268929,0.136182,0.0646564,0.0231801,0.160354
2350,0.0302375,0.0290626,0.217412,0.0700248,0.130383,0.200797,0.138666,0.0702744,0.0386964,0.0744461
2351,0.134492,0.0396794,0.132855,0.0931375,0.160514,0.159028,0.110806,0.0733429,0.0274978,0.0686469
2352,0.163599,0.152375,0.171797,0.0476591,0.0556948,0.025011,0.105471,0.0482255,0.0849512,0.145217
2353,0.0963267,0.102779,0.125494,0.149085,0.117414,0.14241,0.0892566,0.123895,0.0291162,0.0242231
2354,0.130546,0.0562354,0.0831947,0.137023,0.114249,0.115622,0.137232,0.081738,0.0978694,0.0462906
2355,0.147241,0.114929,0.159375,0.101651,0.0347096,0.121664,0.0440469,0.128562,0.0323727,0.115449
2356,0.132423,0.078017,0.0599597,0.179374,0.0349868,0.165321,0.11052,0.043319,0.0778292,0.11825
2357,0.163856,0.107453,0.120028,0.0877569,0.110973,0.0311743,0.154964,0.122881,0.0578569,0.0430572
2358,0.074228,0.0895869,0.188002,0.140941,0.0562875,0.125526,0.0630504,0.14243,0.0416407,0.078308
2359,0.111826,0.029237,0.0790873,0.073566,0.0987602,0.159481,0.173973,0.0632679,0.0745355,0.136267
2360,0.174339,0.126823,0.115025,0.114482,0.115831,0.0613627,0.0440813,0.141023,0.0300393,0.076995
2361,0.073818,0.037142,0.152698,0.159221,0.135702,0.116456,0.0967187,0.0379119,0.130636,0.0596965
2362,0.0453609,0.177694,0.183382,0.128922,0.0741747,0.0256267,0.14006,0.0505578,0.0530643,0.121157
2363,0.145989,0.0265277,0.13319,0.131407,0.138977,0.0872406,0.103505,0.0595,0.102719,0.0709443
2364,0.0775902,0.0686839,0.146549,0.126169,0.151554,0.211983,0.0564687,0.0956255,0.0364301,0.0289475
2365,0.0365725,0.0403687,0.166204,0.129755,0.137534,0.0651577,0.0197909,0.125737,0.111327,0.167553
2366,0.121591,0.0251479,0.144081,0.123395,0.110151,0.135697,0.0191918,0.121863,0.0762307,0.122651
2367,0.126336,0.19392,0.0724817,0.111772,0.0550834,0.134083,0.0256659,0.142953,0.0911581,0.0465465
2368,0.0592484,0.0754042,0.184214,0.148444,0.176998,0.0771678,0.0532663,0.0590983,0.0650587,0.101101
2369,0.169329,0.0255942,0.141729,0.106526,0.0644241,0.100485,0.165545,0.0809061,0.0454947,0.0999665
2370,0.125325,0.0577548,0.0360115,0.118429,0.128438,0.118928,0.102714,0.0768199,0.110605,0.124974
2371,0.158237,0.0192699,0.081795,0.0674181,0.111764,0.0369352,0.157631,0.116456,0.135499,0.114995
2372,0.0973072,0.0410252,0.0761934,0.1062,0.132964,0.114411,0.100334,0.119333,0.0949703,0.117261
2373,0.0288846,0.218957,0.0771535,0.0616469,0.186621,0.0790178,0.163101,0.111371,0.0322727,0.0409738
2374,0.0173531,0.0456326,0.1543,0.0652499,0.12136,0.0899526,0.0940427,0.154463,0.151936,0.10571
2375,0.0203143,0.0587616,0.108036,0.12725,0.0962938,0.139466,0.0747847,0.104484,0.133037,0.137572
2376,0.0392686,0.0575166,0.153399,0.114624,0.0503292,0.13902,0.16521,0.0414607,0.13239,0.106781
2377,0.0801923,0.150402,0.152341,0.0695832,0.0605913,0.0545912,0.165387,0.08833,0.0448239,0.133758
2378,0.130643,0.0402822,0.109638,0.0538238,0.0998768,0.0895187,0.142624,0.0988724,0.146686,0.0880351
2379,0.0929056,0.108071,0.113462,0.151267,0.117548,0.130072,0.0537426,0.0690222,0.0574078,0.106501
2380,0.150755,0.108963,0.0757952,0.0514033,0.0785079,0.0697153,0.0944091,0.137321,0.0430413,0.190089
2381,0.155867,0.087786,0.0972797,0.0779465,0.0450035,0.0861417,0.156332,0.133414,0.138129,0.0221015
2382,0.137276,0.0552002,0.0481848,0.20065,0.124271,0.136281,0.035691,0.122975,0.103712,0.0357589
2383,0.134284,0.0954685,0.0281527,0.161673,0.126028,0.170069,0.140828,0.0218573,0.05564,0.0659999
2384,0.0613046,0.0446,0.0838791,0.138102,0.122105,0.123734,0.138456,0.0950789,0.140289,0.052452
2385,0.100955,0.128543,0.108723,0.0409286,0.10412,0.0376807,0.115529,0.122069,0.173638,0.0678143
2386,0.0893241,0.200416,0.138275,0.0818576,0.0206878,0.0192509,0.198052,0.0915721,0.116047,0.0445184
2387,0.118483,0.137079,0.120995,0.114023,0.135251,0.102997,0.0899521,0.121746,0.0390017,0.020472
2388,0.0792554,0.110829,0.017583,0.18534,0.0481271,0.0267701,0.190786,0.187337,0.0232865,0.130686
2389,0.110503,0.131637,0.133966,0.0612595,0.107795,0.124131,0.0653352,0.057998,0.103068,0.104308
2390,0.0389404,0.127013,0.175603,0.155349,0.0527016,0.052813,0.135485,0.140203,0.0973054,0.0245872
2391,0.168585,0.216721,0.0202912,0.0529508,0.166744,0.0422228,0.0440801,0.0890594,0.1289,0.0704465
2392,0.0637726,0.0574712,0.15586,0.0443777,0.192796,0.0967403,0.032655,0.062782,0.109406,0.184139
2393,0.0292474,0.101871,0.166036,0.043626,0.0565184,0.217476,0.138662,0.0229751,0.100829,0.122758
2394,0.0431247,0.0423668,0.031604,0.147497,0.122537,0.206396,0.144729,0.0625168,0.112962,0.0862659
2395,0.14982,0.0346601,0.171033,0.0626236,0.171061,0.181671,0.0869447,0.0501366,0.0533567,0.0386934
2396,0.131981,0.112271,0.149558,0.0281042,0.167576,0.0339862,0.171093,0.035663,0.056615,0.113153
2397,0.0352525,0.168612,0.107066,0.0760287,0.144164,0.0220237,0.129865,0.106527,0.0663444,0.144117
2398,0.0641936,0.109501,0.085123,0.0557446,0.053429,0.117363,0.107799,0.215638,0.0541682,0.137041
2399,0.0220401,0.0314549,0.0955689,0.067884,0.170067,0.101472,0.132914,0.11602,0.124515,0.138065
2400,0.124797,0.14356,0.0500793,0.0654528,0.129261,0.0225636,0.157437,0.0709694,0.169879,0.066001
2401,0.0411199,0.153663,0.0626986,0.117365,0.130744,0.0528466,0.0950461,0.132952,0.113063,0.100503
2402,0.0764138,0.0951562,0.0876421,0.060714,0.0332475,0.198945,0.069688,0.193489,0.0635241,0.12118
2403,0.159782,0.0595609,0.145896,0.0634376,0.0504488,0.117449,0.120484,0.0959141,0.061096,0.12593
2404,0.0900399,0.0654011,0.143568,0.108435,0.0917495,0.137931,0.110678,0.0856543,0.0944111,0.0721324
