2001,0.0998989,0.100813,0.098305,0.0967688,0.0987024,0.0997171,0.103439,0.0976178,0.101379,0.10336
2002,0.100679,0.0995165,0.100772,0.1013,0.0986055,0.0994426,0.099493,0.0985023,0.100846,0.100844
2003,0.0989538,0.102427,0.100854,0.101726,0.100336,0.0965356,0.100986,0.0979567,0.0998343,0.10039
2004,0.099376,0.0968095,0.0988456,0.100845,0.0969226,0.100079,0.104752,0.100371,0.0986904,0.103309
2005,0.0980501,0.0990873,0.101492,0.10455,0.0983292,0.0999585,0.0981354,0.0981514,0.102967,0.0992796
2006,0.10098,0.0994576,0.100089,0.102493,0.0968913,0.099485,0.101775,0.0984788,0.100956,0.099395
2007,0.0976445,0.0989835,0.0996298,0.103897,0.0990399,0.101012,0.0977984,0.100322,0.103594,0.098079
2008,0.0966159,0.0973845,0.0976925,0.101731,0.100017,0.102166,0.0978248,0.100191,0.104844,0.101532
2009,0.102437,0.0944064,0.0995938,0.0994852,0.0996984,0.101996,0.104002,0.0998868,0.0966616,0.101833
2010,0.0989762,0.102001,0.100938,0.102145,0.0983217,0.0997654,0.102032,0.0974606,0.0977822,0.100577
2011,0.0984132,0.0960164,0.0966681,0.109653,0.0984028,0.101953,0.0984495,0.10005,0.0997922,0.100602
2012,0.0997025,0.0958975,0.100371,0.104695,0.0996026,0.0977615,0.0997,0.101145,0.101045,0.10008
2013,0.100641,0.0984466,0.10593,0.100617,0.0996372,0.0995491,0.0983496,0.104036,0.0982523,0.0945423
2014,0.0974071,0.10327,0.100665,0.0996168,0.101591,0.0963967,0.0996769,0.100013,0.101141,0.100223
2015,0.101034,0.0988238,0.103905,0.094878,0.0980148,0.0999211,0.102618,0.101375,0.0984754,0.100955
2016,0.0987901,0.0991646,0.0964928,0.103247,0.0991101,0.101752,0.0993462,0.0974312,0.10325,0.101416
2017,0.0960356,0.101871,0.0983974,0.10534,0.097806,0.101862,0.0981379,0.0989759,0.100347,0.101228
2018,0.100429,0.099746,0.0992412,0.0984848,0.0954433,0.101677,0.102338,0.0962152,0.10243,0.103995
2019,0.101309,0.0978868,0.105012,0.101729,0.0981971,0.098032,0.100956,0.101796,0.0986185,0.096464
2020,0.0933614,0.100914,0.0972716,0.10391,0.097827,0.100563,0.0949325,0.101866,0.105732,0.103624
2021,0.0970502,0.100299,0.100748,0.0988502,0.0956468,0.101466,0.101411,0.099389,0.103076,0.102062
2022,0.099303,0.0999336,0.0992617,0.100087,0.0997564,0.100188,0.0984759,0.100457,0.102527,0.100011
2023,0.098157,0.103962,0.09887,0.0989199,0.099933,0.0983379,0.0968232,0.0979615,0.106231,0.100804
2024,0.0994891,0.0988936,0.102976,0.0963852,0.100964,0.0986554,0.0983804,0.101105,0.102162,0.10099
2025,0.101632,0.0972988,0.0970277,0.0994201,0.0978885,0.0990662,0.101425,0.0999691,0.104524,0.101749
2026,0.0967541,0.0987304,0.0959455,0.102022,0.102636,0.0996814,0.0978312,0.101607,0.10291,0.101883
2027,0.0991577,0.0957856,0.0989445,0.0997866,0.101292,0.0991696,0.0990649,0.101813,0.105403,0.0995839
2028,0.101296,0.0954725,0.0964714,0.102362,0.0978684,0.102761,0.103574,0.101453,0.0994413,0.099301
2029,0.0986414,0.0959335,0.0965068,0.102622,0.100187,0.101468,0.0988922,0.10248,0.101704,0.101565
2030,0.0987357,0.0962417,0.0997663,0.107039,0.0997516,0.100587,0.100375,0.0984821,0.102327,0.0966948
2031,0.100276,0.0948639,0.100664,0.103125,0.0983827,0.103563,0.0985087,0.101945,0.100273,0.0983979
2032,0.098761,0.0942179,0.102154,0.0993051,0.101422,0.102552,0.0996106,0.101815,0.099036,0.101126
2033,0.0990686,0.101869,0.0979897,0.098535,0.101782,0.0967538,0.0985146,0.0992201,0.104538,0.101729
2034,0.0975729,0.103235,0.0985382,0.10041,0.10189,0.0996696,0.095717,0.0987148,0.102113,0.102139
2035,0.100728,0.0968128,0.100314,0.101299,0.101417,0.100321,0.102967,0.100467,0.0983687,0.0973052
2036,0.100183,0.0973699,0.0993281,0.103225,0.0980665,0.102948,0.0995189,0.0988835,0.104097,0.09638
2037,0.104155,0.0960015,0.0993296,0.102845,0.0992128,0.0976043,0.104353,0.0963431,0.100601,0.0995551
2038,0.0985686,0.0993698,0.0985014,0.104793,0.101683,0.0993991,0.09742,0.097182,0.104074,0.0990088
2039,0.101846,0.0996199,0.0991276,0.105034,0.0971647,0.0992966,0.102629,0.0967797,0.0990329,0.0994697
2040,0.103556,0.0947967,0.0970187,0.102117,0.0988094,0.0986232,0.103698,0.0969761,0.101232,0.103173
2041,0.0997978,0.0994876,0.10141,0.103391,0.0991246,0.0976433,0.101343,0.0977167,0.0982694,0.101817
2042,0.102424,0.0986802,0.0993822,0.0980487,0.101785,0.101778,0.0999554,0.0971192,0.100682,0.100145
2043,0.102336,0.095256,0.0994879,0.0979082,0.0999105,0.0994194,0.103663,0.0993183,0.100508,0.102193
2044,0.101673,0.0991542,0.0969632,0.100287,0.0992957,0.10135,0.101124,0.100147,0.103413,0.0965924
2045,0.0983501,0.0970522,0.102093,0.0979915,0.0979827,0.0994597,0.103573,0.102446,0.100275,0.100778
2046,0.097979,0.102319,0.0985741,0.104012,0.0965934,0.100496,0.0979035,0.098527,0.102079,0.101518
2047,0.0972725,0.100947,0.10342,0.100951,0.0990439,0.0966709,0.0997759,0.0992788,0.100419,0.102221
2048,0.0973159,0.101497,0.101829,0.0966521,0.100031,0.099718,0.0994896,0.101515,0.0992587,0.102694
2049,0.0966654,0.0985465,0.103775,0.100298,0.098978,0.0997845,0.098546,0.100474,0.101618,0.101314
2050,0.0986524,0.0976707,0.0992565,0.100857,0.0970693,0.1008,0.0976521,0.102526,0.104029,0.101487
2051,0.0981859,0.0961995,0.0964279,0.106553,0.100125,0.100673,0.103092,0.0993663,0.0999079,0.0994695
2052,0.0991404,0.0961156,0.0982957,0.10734,0.0996183,0.102421,0.099641,0.0993075,0.101257,0.0968638
2053,0.101103,0.0968888,0.0982077,0.102203,0.100184,0.103164,0.0959074,0.100328,0.103361,0.0986529
2054,0.100267,0.0949579,0.10074,0.105212,0.100192,0.101201,0.099565,0.102623,0.0979455,0.0972946
2055,0.0996368,0.100568,0.0979029,0.0957674,0.101969,0.0993503,0.0971937,0.101022,0.106057,0.100533
2056,0.103135,0.0978458,0.100163,0.100945,0.0996005,0.100496,0.102192,0.0983562,0.0995106,0.0977572
2057,0.0971637,0.101561,0.0997716,0.106286,0.0993403,0.0980649,0.0984015,0.100034,0.100002,0.0993758
2058,0.102657,0.0960518,0.0960127,0.100124,0.0987899,0.102607,0.103081,0.0998013,0.100859,0.100015
2059,0.0970235,0.0982648,0.0995224,0.103664,0.100783,0.0989085,0.0988616,0.103066,0.100033,0.0998736
2060,0.0977047,0.0990807,0.0960761,0.100709,0.098614,0.100717,0.0988048,0.102157,0.10481,0.101328
2061,0.0985845,0.100478,0.0978286,0.0987971,0.0981497,0.0988201,0.102767,0.10148,0.0998102,0.103284
2062,0.100802,0.0977569,0.099963,0.103225,0.0969689,0.0992346,0.103642,0.100068,0.0997059,0.0986345
2063,0.100445,0.10091,0.0983459,0.100913,0.0999773,0.0986154,0.101206,0.0971153,0.100552,0.10192
2064,0.0965835,0.100443,0.0989858,0.104088,0.0998728,0.100398,0.0985085,0.10117,0.0995949,0.100356
2065,0.100165,0.10118,0.0993581,0.104203,0.0996269,0.0984866,0.101395,0.0985213,0.0968329,0.100232
2066,0.0975735,0.102239,0.0986071,0.103824,0.100877,0.0997859,0.0969195,0.0992331,0.101302,0.099639
2067,0.09619,0.0992251,0.101097,0.10057,0.0975215,0.0995144,0.0989622,0.101502,0.103297,0.102122
2068,0.0993799,0.0986696,0.100055,0.0984468,0.0965688,0.101675,0.102713,0.103036,0.0993741,0.100081
2069,0.0985164,0.0990939,0.0986008,0.104778,0.101712,0.101153,0.0985639,0.098253,0.100363,0.0989661
2070,0.0997947,0.0952005,0.0988905,0.100672,0.0975655,0.100395,0.105897,0.101636,0.0984223,0.101527
2071,0.095777,0.0994189,0.100284,0.100191,0.0978238,0.100938,0.0970712,0.102167,0.105324,0.101005
2072,0.10054,0.0956575,0.0988384,0.102524,0.098865,0.100713,0.106066,0.099545,0.0980918,0.0991591
2073,0.0974494,0.10093,0.0959776,0.102823,0.102136,0.0985092,0.0995642,0.0968966,0.104415,0.101299
2074,0.0975497,0.0998254,0.0963734,0.102213,0.101157,0.101639,0.0962191,0.101846,0.102279,0.100898
2075,0.0973458,0.0966673,0.0984103,0.105085,0.0980187,0.102768,0.0991139,0.101121,0.0991821,0.102289
2076,0.101437,0.0980431,0.0973601,0.102341,0.098691,0.0999259,0.102831,0.0965147,0.101652,0.101204
2077,0.100224,0.0999122,0.100187,0.0995782,0.0974783,0.101296,0.099877,0.0990305,0.101912,0.100505
2078,0.101025,0.0948523,0.0977124,0.10368,0.0980394,0.100522,0.102682,0.0999786,0.100552,0.100956
2079,0.0985056,0.0967982,0.100082,0.0948967,0.100624,0.101153,0.100405,0.101646,0.104146,0.101744
2080,0.101193,0.0998385,0.101716,0.105373,0.0990821,0.0984558,0.0990664,0.0987153,0.097377,0.0991822
2081,0.0978451,0.102503,0.098406,0.101393,0.100233,0.0998447,0.0977915,0.101789,0.100439,0.0997544
2082,0.0972439,0.099969,0.100398,0.100054,0.0983971,0.100034,0.0991421,0.101386,0.103018,0.100358
2083,0.0987848,0.0975666,0.100669,0.105896,0.0984289,0.100864,0.100192,0.102003,0.0978421,0.0977532
2084,0.0974918,0.0976368,0.102203,0.102448,0.09971,0.0970839,0.099301,0.0999884,0.102734,0.101403
2085,0.100472,0.101162,0.0973935,0.0987612,0.104584,0.100267,0.0976241,0.0992282,0.102742,0.0977651
2086,0.0990436,0.0975107,0.1016,0.103154,0.0972165,0.100941,0.0985822,0.103235,0.099647,0.0990693
2087,0.101066,0.0968893,0.0984347,0.100615,0.0958931,0.10225,0.10353,0.10066,0.099224,0.101438
2088,0.0990736,0.101069,0.0977325,0.101894,0.099155,0.0993967,0.0985262,0.0993874,0.10417,0.0995958
2089,0.0974316,0.0985743,0.102271,0.097302,0.100459,0.0976823,0.0991199,0.104375,0.104389,0.0983961
2090,0.0998696,0.099665,0.101751,0.100081,0.100707,0.0978448,0.0976287,0.102376,0.100457,0.0996201
2091,0.0979092,0.100928,0.104177,0.0956865,0.0990316,0.0992563,0.100397,0.100551,0.100507,0.101555
2092,0.0990181,0.099292,0.0993908,0.103545,0.102845,0.0989746,0.09772,0.100851,0.100938,0.0974257
2093,0.1019,0.103194,0.0989037,0.101995,0.0965606,0.100019,0.100277,0.0976695,0.0999652,0.0995153
2094,0.0987317,0.100265,0.096067,0.103898,0.0993191,0.100933,0.0954969,0.100657,0.10564,0.0989925
2095,0.097841,0.0979993,0.0988891,0.102877,0.0999788,0.09976,0.0996761,0.103457,0.100192,0.0993298
2096,0.0974534,0.102391,0.0997314,0.101799,0.100484,0.0990673,0.0990165,0.100916,0.0985014,0.100641
2097,0.0969959,0.0973661,0.0968317,0.105328,0.0996846,0.0996024,0.102675,0.0999306,0.09951,0.102076
2098,0.101547,0.095934,0.102431,0.100335,0.100001,0.0999768,0.102272,0.100175,0.0977992,0.0995294
2099,0.0984304,0.10004,0.0997103,0.101959,0.102145,0.099362,0.0975646,0.102101,0.0990846,0.0996034
2100,0.0986713,0.0975475,0.0990777,0.100551,0.0970185,0.10488,0.100308,0.100725,0.101,0.100221
2101,0.0997319,0.100432,0.0987608,0.10235,0.0981563,0.0981041,0.103635,0.101004,0.0976403,0.100185
2102,0.100944,0.0998842,0.10127,0.0983117,0.0969113,0.0999629,0.1016,0.0991619,0.100791,0.101163
2103,0.0956382,0.102211,0.10143,0.0966921,0.102963,0.09898,0.0960408,0.103709,0.101399,0.100937
2104,0.0977528,0.0993608,0.10326,0.0983619,0.0962672,0.0989863,0.102416,0.104046,0.0972998,0.10225
2105,0.105357,0.0964078,0.0958532,0.102011,0.0983359,0.10135,0.101755,0.0988822,0.101368,0.0986803
2106,0.0972566,0.0984208,0.0975233,0.101052,0.0989668,0.103262,0.0977673,0.100178,0.106061,0.0995117
2107,0.0994324,0.098049,0.102115,0.103733,0.0976868,0.0992152,0.101927,0.100248,0.0965584,0.101036
2108,0.0999442,0.0970727,0.101265,0.101835,0.100448,0.0997755,0.0975231,0.102571,0.101752,0.097814
2109,0.0967104,0.103342,0.101762,0.0988806,0.0987215,0.0981671,0.0995676,0.0972414,0.102229,0.103379
2110,0.100823,0.097427,0.0989523,0.097907,0.0990983,0.0996386,0.103551,0.100718,0.102428,0.0994561
2111,0.1007,0.0986372,0.102796,0.105487,0.0970042,0.0964237,0.10167,0.100913,0.0973052,0.0990644
2112,0.100677,0.100447,0.100351,0.0991265,0.0998731,0.0987803,0.102253,0.0976486,0.10053,0.100313
2113,0.102617,0.0966191,0.103081,0.0994075,0.0976962,0.100522,0.103668,0.100316,0.095026,0.101048
2114,0.098828,0.10068,0.100511,0.103303,0.098543,0.0998387,0.0998529,0.100751,0.0991738,0.0985182
2115,0.097006,0.0996612,0.100154,0.0994755,0.0974591,0.101216,0.101245,0.101431,0.097834,0.104518
2116,0.101898,0.0981511,0.100497,0.0993366,0.0994538,0.101441,0.100002,0.0998545,0.101045,0.0983208
2117,0.100638,0.0959548,0.104679,0.101,0.0962907,0.100677,0.101089,0.102552,0.0991033,0.0980162
2118,0.101018,0.100094,0.100898,0.100966,0.0986435,0.0987382,0.0997148,0.099715,0.10225,0.0979623
2119,0.101461,0.0962457,0.0990276,0.102044,0.101687,0.100974,0.101222,0.100441,0.0963899,0.100508
2120,0.0955043,0.100851,0.0994789,0.100152,0.09862,0.100116,0.101492,0.0999767,0.101901,0.101908
2121,0.100531,0.0977316,0.101324,0.101471,0.100291,0.0989099,0.100958,0.100723,0.0987463,0.0993135
2122,0.0971522,0.103584,0.0997021,0.0983648,0.10051,0.101742,0.0968343,0.0993423,0.101553,0.101216
2123,0.0957782,0.0990551,0.0972758,0.103111,0.101478,0.0998191,0.098213,0.102831,0.100362,0.102077
2124,0.0979342,0.0999565,0.0981172,0.0989674,0.0997827,0.100894,0.0997382,0.0984791,0.103874,0.102256
2125,0.100673,0.101155,0.0978565,0.100561,0.0998266,0.100807,0.101675,0.0974304,0.0996931,0.100323
2126,0.0989272,0.0984354,0.100056,0.101785,0.0983311,0.0996599,0.101862,0.0994664,0.100221,0.101257
2127,0.100778,0.0964688,0.100934,0.0995149,0.100131,0.100033,0.104512,0.0987231,0.0980013,0.100905
2128,0.100886,0.100687,0.0995475,0.0988589,0.0987318,0.0987388,0.101284,0.0976672,0.102337,0.101261
2129,0.102674,0.0963123,0.102409,0.0983756,0.0989762,0.0986908,0.103673,0.0998092,0.0990429,0.100037
2130,0.096736,0.103081,0.101905,0.0961935,0.0995611,0.0978826,0.0992412,0.101498,0.100553,0.103349
2131,0.0951727,0.101165,0.0948169,0.106576,0.100132,0.101829,0.0958203,0.0996613,0.103817,0.10101
2132,0.100356,0.100987,0.0977418,0.104472,0.0964804,0.100147,0.100008,0.0995026,0.100902,0.0994038
2133,0.0980461,0.100681,0.0975586,0.103848,0.102681,0.0967002,0.100563,0.0985361,0.101601,0.0997861
2134,0.100131,0.0990614,0.0966171,0.103234,0.0972128,0.0986217,0.102772,0.0990335,0.103135,0.100182
2135,0.0999727,0.0964589,0.100079,0.10251,0.0966804,0.100315,0.102935,0.0996075,0.100833,0.100607
2136,0.101221,0.096482,0.0974979,0.10736,0.0968732,0.102042,0.100391,0.0977899,0.10105,0.0992938
2137,0.098753,0.0960366,0.0966376,0.105865,0.0983255,0.101968,0.100249,0.0994029,0.101968,0.100794
2138,0.104589,0.0973006,0.101672,0.096893,0.0974886,0.100434,0.101392,0.100743,0.100697,0.098791
2139,0.0983984,0.10131,0.102314,0.102077,0.0987996,0.0992417,0.0975665,0.0979417,0.103128,0.0992229
2140,0.098268,0.0994779,0.100842,0.102635,0.0985861,0.0995053,0.102203,0.099142,0.096085,0.103256
2141,0.0960022,0.096772,0.0976311,0.10097,0.0999327,0.102727,0.0973366,0.102108,0.105405,0.101115
2142,0.0986112,0.100935,0.0963057,0.100636,0.100447,0.101447,0.101662,0.0964529,0.101779,0.101726
2143,0.0964618,0.0979791,0.0996216,0.103181,0.100759,0.0999257,0.0954599,0.103586,0.103787,0.0992382
2144,0.100217,0.0983246,0.0994053,0.101624,0.0967502,0.103476,0.100506,0.100099,0.0997443,0.0998535
2145,0.100325,0.0978277,0.0966559,0.10481,0.10154,0.0983849,0.0956293,0.0998864,0.103277,0.101663
2146,0.0998015,0.0988305,0.0992164,0.101113,0.100058,0.10212,0.0977751,0.0974439,0.103702,0.0999403
2147,0.102815,0.0966462,0.0984047,0.0980483,0.0977846,0.101739,0.107791,0.098967,0.0961729,0.101631
2148,0.0972872,0.0983949,0.100418,0.103158,0.100936,0.100516,0.0948852,0.100921,0.103383,0.100102
2149,0.0995256,0.0992965,0.0975272,0.10416,0.10026,0.0976642,0.102768,0.0982758,0.0991741,0.10135
2150,0.0968932,0.0988131,0.0999115,0.0989292,0.0974311,0.100882,0.0998619,0.101556,0.104801,0.100921
2151,0.100385,0.0980971,0.0965506,0.1043,0.0996167,0.0995177,0.100527,0.0987068,0.102807,0.0994915
2152,0.0976819,0.101462,0.0986387,0.0985933,0.101239,0.0991859,0.0977859,0.0992926,0.105041,0.10108
2153,0.097344,0.100295,0.100168,0.0971986,0.100626,0.0988976,0.0994148,0.100046,0.10394,0.102071
2154,0.0984586,0.0993094,0.102252,0.103646,0.0975787,0.0997591,0.0999697,0.0990128,0.100081,0.0999328
2155,0.0978266,0.101778,0.100274,0.100714,0.0994538,0.0999216,0.0995132,0.0994863,0.101215,0.0998173
2156,0.10149,0.101868,0.098102,0.0983818,0.0992227,0.101182,0.0995146,0.0970052,0.105117,0.0981163
2157,0.101246,0.102262,0.097579,0.102886,0.100098,0.101022,0.0985345,0.0989593,0.100701,0.0967123
2158,0.101568,0.0940974,0.0973114,0.100272,0.0999907,0.102813,0.102462,0.0984294,0.104279,0.0987777
2159,0.0996711,0.0985527,0.0971801,0.0999049,0.102162,0.102057,0.096793,0.0979965,0.108003,0.0976802
2160,0.0995831,0.100187,0.100039,0.0988232,0.0984351,0.0977518,0.103737,0.10106,0.0978071,0.102577
2161,0.0979714,0.0973251,0.0981731,0.0988441,0.0962625,0.104981,0.100874,0.0991373,0.103845,0.102587
2162,0.101008,0.102624,0.10109,0.0993478,0.100433,0.0985898,0.100628,0.0972187,0.100815,0.0982464
2163,0.0965859,0.100008,0.103231,0.0964788,0.0977678,0.100314,0.0998952,0.103202,0.102089,0.100428
2164,0.0988538,0.100919,0.0970188,0.0983754,0.100449,0.0997673,0.102207,0.100047,0.100472,0.10189
2165,0.0978076,0.102327,0.0989464,0.105581,0.0994958,0.0990525,0.0955954,0.0992167,0.102436,0.0995413
2166,0.100872,0.0997994,0.100309,0.098855,0.100824,0.0993752,0.0995142,0.100088,0.101585,0.0987784
2167,0.0976674,0.102,0.0982723,0.0991505,0.102604,0.0983399,0.0986143,0.0979362,0.102028,0.103387
2168,0.0961231,0.100077,0.101998,0.101076,0.101348,0.0996075,0.0942129,0.101722,0.102412,0.101424
2169,0.0956934,0.10014,0.0987923,0.101234,0.100724,0.0975049,0.0978831,0.101807,0.104005,0.102216
2170,0.0993757,0.10159,0.0997383,0.0976935,0.0960017,0.0998909,0.103562,0.0994421,0.100803,0.101902
2171,0.102224,0.0991767,0.0961495,0.100639,0.101765,0.101174,0.101358,0.0960173,0.103029,0.0984673
2172,0.0991723,0.0982366,0.0997652,0.0960797,0.100954,0.0977709,0.0999407,0.101957,0.104556,0.101567
2173,0.0990884,0.0984237,0.0968654,0.101487,0.0976204,0.102262,0.100684,0.0991709,0.103581,0.100817
2174,0.099355,0.0961168,0.0974218,0.100381,0.0988128,0.102393,0.100658,0.100433,0.103,0.101429
2175,0.101203,0.0951342,0.0998833,0.10318,0.100139,0.10028,0.10027,0.10127,0.0986722,0.099969
2176,0.0962128,0.096819,0.0984021,0.101958,0.100464,0.0996139,0.100039,0.103094,0.100732,0.102666
2177,0.10043,0.0956423,0.0969043,0.102208,0.10119,0.0992835,0.101441,0.0974731,0.103079,0.102349
2178,0.0951475,0.102523,0.0986119,0.100038,0.100246,0.099367,0.0974291,0.101864,0.101815,0.102958
2179,0.0960909,0.0983761,0.0997975,0.0992382,0.0975822,0.102778,0.100497,0.103792,0.0990139,0.102834
2180,0.098529,0.0970261,0.101066,0.101464,0.101374,0.100727,0.0955012,0.0999151,0.105448,0.0989498
2181,0.0963816,0.100128,0.100797,0.103259,0.0991018,0.0997952,0.0971873,0.104081,0.0985162,0.100753
2182,0.103068,0.0988926,0.100608,0.101694,0.097713,0.101243,0.100176,0.098235,0.100949,0.0974208
2183,0.0982149,0.097426,0.100681,0.101908,0.0981316,0.100801,0.0986261,0.101326,0.103491,0.0993941
2184,0.102075,0.0975805,0.103237,0.100733,0.094752,0.100287,0.105442,0.0993489,0.0984417,0.0981028
2185,0.0979187,0.0990244,0.0995811,0.0974611,0.100107,0.0992216,0.102655,0.101616,0.10054,0.101875
2186,0.101762,0.0962602,0.0983274,0.100494,0.0984012,0.101666,0.101909,0.100791,0.097394,0.102995
2187,0.105825,0.0992317,0.101778,0.10124,0.0963692,0.0975757,0.105115,0.0979289,0.0961091,0.0988267
2188,0.102419,0.0957328,0.103197,0.0985193,0.102734,0.0992833,0.100431,0.101627,0.0978435,0.0982126
2189,0.0991174,0.103391,0.0969906,0.0981894,0.0988687,0.0991593,0.100038,0.0987563,0.101895,0.103594
2190,0.100431,0.0965821,0.0997713,0.0996943,0.0975464,0.0992503,0.103766,0.100594,0.102504,0.0998611
2191,0.100371,0.0991872,0.102522,0.0978706,0.0995801,0.0979262,0.103492,0.0996113,0.0971808,0.102259
2192,0.0967847,0.0992279,0.102117,0.100685,0.0981647,0.0975508,0.101354,0.101656,0.0994825,0.102978
2193,0.0964239,0.100558,0.0998114,0.102932,0.100556,0.0987099,0.0955716,0.100687,0.102415,0.102335
2194,0.102718,0.100318,0.100452,0.101777,0.0944658,0.100059,0.104431,0.0975985,0.0975347,0.100645
2195,0.0998309,0.0975567,0.103701,0.104408,0.0964227,0.100288,0.101457,0.101384,0.096438,0.0985136
2196,0.0998346,0.10207,0.103086,0.101599,0.0977368,0.100221,0.0981916,0.0995823,0.0978083,0.0998709
2197,0.0994269,0.100186,0.098561,0.102523,0.098599,0.0978826,0.101519,0.0999331,0.102437,0.098932
2198,0.0975019,0.102885,0.10016,0.099111,0.101107,0.0976132,0.0983561,0.0983721,0.103605,0.101288
2199,0.0982856,0.100333,0.100813,0.0996077,0.0975352,0.101118,0.0978323,0.102197,0.101403,0.100875
2200,0.100035,0.0998612,0.101501,0.100716,0.0999904,0.0996928,0.0991164,0.100594,0.0989715,0.0995227
2201,0.0955454,0.0994558,0.100991,0.0996349,0.101611,0.0974239,0.0974075,0.104241,0.102382,0.101308
2202,0.099705,0.0991926,0.0988424,0.103024,0.0955025,0.100508,0.102458,0.101681,0.0993476,0.0997391
2203,0.100158,0.0972088,0.0980072,0.10029,0.0974553,0.100018,0.104885,0.0980091,0.100688,0.103281
2204,0.0984162,0.0987427,0.100619,0.102155,0.0998307,0.100062,0.100894,0.0994052,0.10015,0.0997258
2205,0.0983831,0.0997237,0.102615,0.100675,0.0973818,0.100198,0.0977319,0.103161,0.100461,0.0996701
2206,0.101698,0.098802,0.100487,0.100779,0.102361,0.0989007,0.0998859,0.0983424,0.0991742,0.0995703
2207,0.0993329,0.0975358,0.0998978,0.0972538,0.0978185,0.100707,0.103511,0.103483,0.0999494,0.100511
2208,0.0979856,0.0974737,0.101543,0.0998387,0.0988328,0.0968982,0.103284,0.102023,0.10115,0.100972
2209,0.0990637,0.10102,0.101049,0.0989401,0.0991178,0.0981875,0.100917,0.0984603,0.102799,0.100445
2210,0.0990563,0.10086,0.0970051,0.0978419,0.100688,0.099996,0.101584,0.101035,0.10013,0.101803
2211,0.0989568,0.0944722,0.0977282,0.107192,0.10004,0.102462,0.0961157,0.101624,0.102108,0.0993009
2212,0.101993,0.0966143,0.100482,0.102058,0.0960861,0.100631,0.102995,0.100694,0.0986307,0.0998169
2213,0.0990985,0.100331,0.0997228,0.101162,0.0988742,0.0991105,0.101419,0.102482,0.0980946,0.0997054
2214,0.0993775,0.0994746,0.0991001,0.101071,0.098866,0.097765,0.100324,0.103196,0.100287,0.100539
2215,0.10461,0.0983054,0.0999413,0.100938,0.0991904,0.0996324,0.103578,0.0974177,0.0972434,0.099143
2216,0.0989635,0.0967959,0.0983416,0.103849,0.0983675,0.0985041,0.100586,0.101094,0.101219,0.10228
2217,0.0962293,0.0999931,0.100565,0.100711,0.0976272,0.101609,0.0997789,0.100156,0.102371,0.100959
2218,0.0974039,0.0981634,0.097038,0.101055,0.101528,0.101418,0.096254,0.0998001,0.107567,0.0997733
2219,0.097717,0.100967,0.101279,0.102447,0.0985086,0.0983733,0.0988314,0.100083,0.10207,0.0997232
2220,0.102295,0.0990544,0.0989783,0.10202,0.0980955,0.0992835,0.10334,0.0975784,0.099903,0.0994512
2221,0.100201,0.100429,0.0993383,0.100679,0.0979116,0.0996979,0.0988637,0.0990316,0.103925,0.0999225
2222,0.100392,0.0961069,0.0996705,0.102085,0.101042,0.0979964,0.100047,0.0987546,0.103302,0.100604
2223,0.0986283,0.0992871,0.0982647,0.104327,0.0964676,0.103067,0.0969846,0.0995043,0.102722,0.100748
2224,0.0977441,0.0966928,0.101985,0.100496,0.0987683,0.102931,0.101791,0.103515,0.0967723,0.0993037
2225,0.0999452,0.0977303,0.0991588,0.0999234,0.102327,0.100603,0.0977121,0.0995692,0.102226,0.100805
2226,0.100799,0.099627,0.0964746,0.101971,0.0999558,0.100486,0.100291,0.0971817,0.101683,0.101532
2227,0.0975778,0.0987941,0.100041,0.103027,0.0960557,0.101512,0.0991133,0.100023,0.102648,0.101209
2228,0.0964119,0.098997,0.100686,0.101657,0.100104,0.0981477,0.098943,0.104613,0.100274,0.100165
2229,0.101522,0.0972994,0.104294,0.100536,0.0957846,0.10031,0.102811,0.100884,0.0984897,0.09807
2230,0.101848,0.0980227,0.0970811,0.100755,0.102423,0.0982524,0.102631,0.0987075,0.0990756,0.101204
2231,0.0998422,0.0978501,0.0955953,0.1053,0.100875,0.100495,0.101275,0.0993423,0.100621,0.0988045
2232,0.100625,0.100738,0.0982009,0.100524,0.0970371,0.101102,0.102294,0.0985573,0.101706,0.0992163
2233,0.0969974,0.0961288,0.0973182,0.101773,0.102566,0.10183,0.0991118,0.10123,0.100815,0.10223
2234,0.0949019,0.100086,0.102057,0.102267,0.0964987,0.10045,0.0993332,0.102474,0.100026,0.101907
2235,0.0990493,0.0961768,0.0977414,0.0989366,0.101653,0.0996265,0.0991206,0.0998474,0.104118,0.10373
2236,0.101285,0.0994658,0.100179,0.0981237,0.0955447,0.102689,0.101059,0.099938,0.10095,0.100765
2237,0.0961171,0.0998828,0.0996983,0.101907,0.100904,0.0972617,0.097716,0.102519,0.101847,0.102147
2238,0.0978684,0.101859,0.104222,0.0968948,0.0971097,0.0997963,0.0991818,0.102306,0.101165,0.0995975
2239,0.100032,0.0978695,0.0985315,0.10293,0.0996495,0.101039,0.0969608,0.0991556,0.102668,0.101165
2240,0.0997161,0.0975704,0.0997781,0.103032,0.0991445,0.100501,0.0959951,0.103366,0.105381,0.0955155
2241,0.0972321,0.0991686,0.0994405,0.104688,0.0978066,0.100882,0.0976202,0.101428,0.101655,0.100078
2242,0.100318,0.0990862,0.0948804,0.100273,0.101097,0.100664,0.0985506,0.0974885,0.106957,0.100686
2243,0.0973948,0.0958325,0.0993354,0.105272,0.0980231,0.100736,0.101121,0.102933,0.0980054,0.101347
2244,0.0970666,0.0973655,0.101333,0.0993731,0.0986961,0.100273,0.101275,0.103254,0.100745,0.100618
2245,0.0990978,0.0990151,0.101717,0.09844,0.0958878,0.0993842,0.103188,0.099705,0.101606,0.101958
2246,0.0957501,0.103199,0.100422,0.0995793,0.101388,0.0972929,0.0958137,0.102705,0.10182,0.102029
2247,0.099204,0.101675,0.100604,0.0970275,0.0988388,0.0976002,0.100429,0.0997345,0.102414,0.102473
2248,0.103069,0.0937256,0.101201,0.103584,0.0988121,0.10176,0.101925,0.0982132,0.0983987,0.0993112
2249,0.0996694,0.0955614,0.100357,0.0990089,0.0983862,0.101623,0.0984825,0.101695,0.103014,0.102202
2250,0.0982317,0.102533,0.099738,0.100114,0.100964,0.0963505,0.0985162,0.100281,0.103266,0.100004
2251,0.0981038,0.0972474,0.10051,0.0948002,0.100841,0.100704,0.101705,0.102271,0.101866,0.101953
2252,0.0999414,0.0973164,0.103149,0.101535,0.0965829,0.0989741,0.102903,0.10054,0.0992321,0.099826
2253,0.0997979,0.0987662,0.0987993,0.100914,0.0996608,0.0983773,0.103516,0.100489,0.09999,0.0996894
2254,0.0971275,0.0974366,0.0998994,0.0998086,0.100906,0.101741,0.0970188,0.101356,0.104012,0.100695
2255,0.096666,0.0972696,0.0980945,0.105801,0.0978931,0.102725,0.0994361,0.100468,0.100795,0.100853
2256,0.0973968,0.096467,0.0966442,0.103686,0.101808,0.101915,0.0994406,0.100957,0.102517,0.099169
2257,0.100608,0.100238,0.100381,0.0997996,0.0983404,0.0989227,0.101147,0.100073,0.0990686,0.101422
2258,0.0985011,0.0969545,0.098545,0.101463,0.10608,0.0971096,0.0966386,0.102946,0.101933,0.0998286
2259,0.0977332,0.0988736,0.0971569,0.106674,0.102122,0.101374,0.0951223,0.0978519,0.103064,0.100029
2260,0.10447,0.0976179,0.100771,0.101144,0.0980566,0.100567,0.104966,0.0970939,0.0960867,0.0992281
2261,0.101912,0.0979134,0.0989372,0.102501,0.100262,0.0990334,0.104916,0.0968055,0.0990819,0.098637
2262,0.101055,0.100619,0.0990077,0.0967692,0.0976985,0.0993243,0.105682,0.0973276,0.0995137,0.103004
2263,0.10046,0.0988131,0.0959453,0.100043,0.0996592,0.102319,0.0993291,0.0992752,0.103478,0.100678
2264,0.0974553,0.0964363,0.10268,0.100784,0.0972213,0.102581,0.101504,0.101284,0.0990728,0.100981
2265,0.0999193,0.0984535,0.0956599,0.102545,0.101908,0.0983628,0.0999621,0.0982133,0.103758,0.101219
2266,0.104806,0.0946792,0.101398,0.101689,0.0962733,0.100586,0.107659,0.0975137,0.0963449,0.0990515
2267,0.0971087,0.0954209,0.0972173,0.108253,0.0976156,0.102527,0.0997359,0.101438,0.100012,0.100671
2268,0.102606,0.0952795,0.0982434,0.106571,0.0971908,0.102862,0.0998779,0.0980372,0.0998304,0.099503
2269,0.0967153,0.095866,0.102186,0.0992403,0.0967412,0.102262,0.100668,0.102333,0.103453,0.100535
2270,0.0997228,0.100156,0.100206,0.10517,0.0978602,0.0993086,0.0988963,0.100112,0.098988,0.0995802
2271,0.100076,0.102069,0.0991783,0.0946306,0.101699,0.0988135,0.101021,0.0978407,0.102136,0.102535
2272,0.0996733,0.105274,0.0976038,0.0987588,0.101193,0.0967872,0.0998822,0.0966152,0.102286,0.101926
2273,0.100546,0.0993787,0.0996632,0.0999064,0.0983182,0.0973594,0.102956,0.0980645,0.100851,0.102956
2274,0.100865,0.0995517,0.0968533,0.0980066,0.102416,0.101342,0.100574,0.0966216,0.103972,0.0997973
2275,0.0982566,0.0992428,0.0970936,0.100032,0.0992691,0.09866,0.0998888,0.0995258,0.106549,0.101482
2276,0.101552,0.0968822,0.0988899,0.103156,0.0998289,0.101668,0.100708,0.101224,0.0987845,0.0973068
2277,0.0990562,0.104768,0.0989487,0.0977199,0.0978137,0.0973157,0.102615,0.0977292,0.100445,0.10359
2278,0.0987061,0.0965014,0.0988277,0.102435,0.100445,0.102213,0.0979772,0.100205,0.100526,0.102165
2279,0.104162,0.0981484,0.0990604,0.100455,0.0934294,0.101668,0.103932,0.0986631,0.101073,0.0994094
2280,0.0980733,0.0985485,0.100347,0.1014,0.0999813,0.100196,0.100304,0.0997076,0.101542,0.0998996
2281,0.0961832,0.102161,0.0974982,0.101187,0.0991321,0.100476,0.099346,0.0999534,0.103572,0.100492
2282,0.0999799,0.097111,0.101446,0.100521,0.0981646,0.0999823,0.100446,0.103859,0.0986315,0.0998599
2283,0.100653,0.098519,0.0998951,0.0964712,0.0996929,0.0985914,0.101481,0.0983876,0.102024,0.104285
2284,0.0957839,0.102009,0.10067,0.103612,0.101234,0.0960983,0.100591,0.100295,0.097872,0.101834
2285,0.096831,0.0958608,0.0983407,0.101786,0.0959191,0.103188,0.103137,0.101669,0.100066,0.103203
2286,0.0986204,0.100755,0.097535,0.105676,0.0968367,0.101787,0.100512,0.0998443,0.0992386,0.0991946
2287,0.0999931,0.101631,0.099488,0.10325,0.0981407,0.0972727,0.101246,0.101596,0.0985886,0.0987954
2288,0.10012,0.0969994,0.0981307,0.0997088,0.102191,0.100128,0.0995499,0.0993684,0.101354,0.102449
2289,0.0997957,0.0976457,0.0993744,0.0980129,0.100611,0.101679,0.0992833,0.0986714,0.104659,0.100268
2290,0.100072,0.0970042,0.103381,0.101142,0.101325,0.0976534,0.100143,0.102346,0.0987835,0.0981499
2291,0.101775,0.0984215,0.0995319,0.100726,0.0992182,0.0997163,0.099929,0.10039,0.102337,0.0979545
2292,0.0987921,0.0988243,0.101112,0.10117,0.0963104,0.102057,0.0988724,0.10017,0.10336,0.0993314
2293,0.10011,0.0995976,0.102341,0.100969,0.0984626,0.0982594,0.100933,0.10274,0.098587,0.0979995
2294,0.0991572,0.0991016,0.100556,0.0988448,0.0978865,0.102558,0.100262,0.102237,0.0986728,0.100723
2295,0.10177,0.0952203,0.102142,0.0971427,0.0996397,0.100368,0.101956,0.102736,0.099812,0.0992132
2296,0.100587,0.0995562,0.0979857,0.0994804,0.0973978,0.0999834,0.101152,0.10007,0.102417,0.10137
2297,0.0986878,0.0987472,0.102894,0.102409,0.0972555,0.0997095,0.0999343,0.101979,0.0972097,0.101174
2298,0.101662,0.10035,0.0978588,0.100785,0.102407,0.0984545,0.101001,0.0967446,0.0990823,0.101655
2299,0.0985799,0.0941616,0.100536,0.101547,0.0973952,0.103308,0.101705,0.103218,0.0990648,0.100484
2300,0.10252,0.095653,0.100008,0.107653,0.097517,0.101541,0.0989349,0.0975466,0.100906,0.0977211
2301,0.100906,0.103522,0.0997703,0.0998519,0.0983781,0.0977176,0.0996775,0.100274,0.0997573,0.100145
2302,0.0992062,0.10028,0.100584,0.102769,0.102807,0.0980222,0.098473,0.0960782,0.10145,0.100331
2303,0.100854,0.0980533,0.0984282,0.0990711,0.0973017,0.0996378,0.105975,0.100039,0.097925,0.102715
2304,0.0980825,0.0996608,0.0988183,0.09943,0.100782,0.0982918,0.0977405,0.100429,0.104169,0.102596
2305,0.0985038,0.0965028,0.0961376,0.100083,0.0991007,0.103004,0.102021,0.100801,0.10313,0.100716
2306,0.103294,0.10006,0.101656,0.100342,0.0946978,0.0991509,0.105702,0.098217,0.0973315,0.0995486
2307,0.0984275,0.100999,0.0989534,0.0980301,0.100198,0.101836,0.0993051,0.100636,0.101388,0.100228
2308,0.100755,0.097986,0.0999619,0.100311,0.0958176,0.100819,0.105425,0.0972779,0.0997205,0.101926
2309,0.0971859,0.0990179,0.0973068,0.103059,0.096469,0.101229,0.0983433,0.101201,0.105446,0.100742
2310,0.0983764,0.0980825,0.0984596,0.0960217,0.0994839,0.10213,0.102454,0.103165,0.100772,0.101055
2311,0.100277,0.0986365,0.100986,0.103516,0.0981092,0.10135,0.103037,0.0991835,0.0950359,0.0998696
2312,0.099964,0.0995428,0.0984961,0.10701,0.100092,0.098105,0.100133,0.0996046,0.0972911,0.0997615
2313,0.0981191,0.104475,0.0973977,0.102118,0.0983034,0.100501,0.098785,0.0995171,0.100124,0.100659
2314,0.100983,0.0975466,0.100303,0.103016,0.101038,0.0972001,0.097633,0.100884,0.101341,0.100055
2315,0.101745,0.100666,0.0961084,0.0982601,0.098708,0.101917,0.102339,0.0973835,0.102111,0.100762
2316,0.102385,0.0973145,0.101622,0.102723,0.0957333,0.100569,0.101849,0.0996011,0.0984001,0.099803
2317,0.097975,0.100302,0.101054,0.104604,0.102164,0.0980714,0.0971439,0.0993413,0.0986823,0.100661
2318,0.100555,0.0965528,0.100299,0.102111,0.0978333,0.0998719,0.103865,0.100762,0.0988016,0.0993488
2319,0.103506,0.098394,0.0989024,0.101313,0.0999095,0.102352,0.101532,0.0995905,0.0974548,0.0970463
2320,0.0978864,0.100899,0.0999213,0.0968197,0.102913,0.100246,0.0962382,0.101308,0.104726,0.0990429
2321,0.101966,0.0982485,0.097224,0.0995831,0.0998416,0.100392,0.104187,0.0993343,0.0989483,0.100275
2322,0.101112,0.0973576,0.0990791,0.102171,0.10141,0.0990597,0.103902,0.0988426,0.0974486,0.0996175
2323,0.0991283,0.100822,0.099167,0.102662,0.0974986,0.099972,0.10188,0.0995959,0.100444,0.0988318
2324,0.0963971,0.0993842,0.0990264,0.103609,0.100641,0.0985188,0.100358,0.099215,0.101111,0.101739
2325,0.0985235,0.0974569,0.0972612,0.0984441,0.100137,0.10133,0.0996487,0.0998336,0.105641,0.101725
2326,0.0957446,0.0984049,0.100664,0.102104,0.100948,0.0999262,0.098557,0.101447,0.100953,0.101252
2327,0.100865,0.0990913,0.102292,0.100318,0.0942676,0.101446,0.103296,0.0998577,0.0984049,0.100162
2328,0.0955913,0.0980218,0.0972009,0.104614,0.101913,0.0985042,0.0999967,0.101507,0.0989489,0.103702
2329,0.0970117,0.100395,0.0959029,0.0995657,0.103328,0.0994897,0.0955681,0.100255,0.106131,0.102352
2330,0.0983843,0.095362,0.0984569,0.0987594,0.0986632,0.102786,0.103052,0.100917,0.100615,0.103004
2331,0.0998812,0.0962241,0.0974087,0.0978333,0.100602,0.10195,0.0995083,0.100423,0.104867,0.101303
2332,0.10218,0.0981717,0.100422,0.102295,0.0957197,0.101581,0.103512,0.0983713,0.098577,0.09917
2333,0.0974576,0.103433,0.102208,0.100002,0.097736,0.0984828,0.101018,0.0979658,0.0981113,0.103585
2334,0.102404,0.0992272,0.0988908,0.100361,0.0991021,0.10032,0.103955,0.0962834,0.097845,0.101612
2335,0.098282,0.100498,0.102069,0.0986027,0.0999778,0.100048,0.0985875,0.100732,0.101179,0.100024
2336,0.101566,0.0983141,0.0989928,0.0997527,0.0956321,0.0994148,0.105917,0.0999463,0.0979029,0.102561
2337,0.0998195,0.101232,0.0983362,0.0976324,0.103654,0.0978806,0.0982974,0.0996743,0.10322,0.100254
2338,0.097057,0.103312,0.098316,0.0978651,0.0990934,0.100735,0.0955387,0.0987519,0.109085,0.100247
2339,0.100944,0.0971374,0.0986028,0.101082,0.0985942,0.0990271,0.105222,0.0994498,0.0980141,0.101926
2340,0.0996108,0.0982662,0.0992174,0.10215,0.0983745,0.100004,0.102939,0.099404,0.0974463,0.102588
2341,0.0971146,0.102293,0.101719,0.100301,0.100291,0.0992552,0.100008,0.0982524,0.0991038,0.101663
2342,0.101863,0.0987846,0.097929,0.10452,0.0985005,0.0990721,0.101492,0.0964164,0.102746,0.0986766
2343,0.0990891,0.0979934,0.0962803,0.103534,0.10102,0.100601,0.102561,0.0983028,0.101698,0.0989196
2344,0.0985542,0.0972134,0.099888,0.0988791,0.0972864,0.101142,0.10371,0.103108,0.0996784,0.10054
2345,0.104147,0.0966624,0.0969613,0.0992886,0.0978367,0.101715,0.105248,0.0975911,0.0992221,0.101327
2346,0.100697,0.0979822,0.0988852,0.0961654,0.0995704,0.102938,0.10142,0.0994799,0.10157,0.101292
2347,0.0968283,0.097949,0.0988234,0.0986461,0.100252,0.100947,0.100058,0.10216,0.102467,0.101869
2348,0.0976945,0.0993026,0.101789,0.098199,0.096509,0.0995472,0.101501,0.101681,0.0999358,0.103841
2349,0.0997171,0.0976017,0.0983401,0.0982993,0.102494,0.100691,0.0986045,0.101853,0.101239,0.101161
2350,0.101126,0.0967151,0.0996118,0.0977116,0.101227,0.102169,0.0993881,0.0988207,0.103786,0.0994443
2351,0.0996156,0.098241,0.101471,0.0973969,0.10137,0.0995997,0.0968446,0.1002,0.103916,0.101345
2352,0.0978953,0.0997988,0.100598,0.102322,0.0954844,0.102344,0.0995447,0.10048,0.0992997,0.102234
2353,0.100881,0.100857,0.0972343,0.0983005,0.101656,0.102531,0.0988317,0.101412,0.100019,0.0982775
2354,0.0988324,0.0974187,0.0999494,0.0996401,0.100033,0.100669,0.10061,0.101176,0.101013,0.100659
2355,0.0987949,0.0996831,0.099037,0.0991596,0.0996917,0.100711,0.0960751,0.10341,0.103464,0.099974
2356,0.0963296,0.0964464,0.098326,0.101009,0.101846,0.102804,0.0995141,0.101199,0.102704,0.0998219
2357,0.0971119,0.100681,0.0995337,0.103068,0.0975529,0.0984202,0.0998104,0.101985,0.100061,0.101776
2358,0.100805,0.0976288,0.102125,0.105161,0.0979082,0.100269,0.10208,0.0999813,0.0956427,0.0983986
2359,0.101035,0.0946451,0.101167,0.104191,0.0974349,0.0990238,0.104746,0.102696,0.0948903,0.10017
2360,0.0996958,0.097943,0.0998349,0.101478,0.101404,0.0987792,0.0984799,0.104275,0.100217,0.0978934
2361,0.10063,0.0980464,0.102836,0.101148,0.0964721,0.0997101,0.102714,0.0996747,0.0978921,0.100876
2362,0.102024,0.0982822,0.0994295,0.09451,0.100468,0.100806,0.101485,0.100228,0.104334,0.0984331
2363,0.101908,0.0953286,0.100836,0.0982503,0.101681,0.101842,0.0997108,0.099758,0.100451,0.100235
2364,0.101209,0.0974915,0.102449,0.100532,0.10076,0.0999499,0.100017,0.0999149,0.0982892,0.0993887
2365,0.0980127,0.101121,0.095678,0.102621,0.0997272,0.103301,0.0979796,0.101217,0.101321,0.0990221
2366,0.101098,0.0983537,0.0975417,0.102554,0.098327,0.100712,0.103366,0.100193,0.0988174,0.0990366
2367,0.100136,0.0983085,0.0978223,0.102735,0.0986684,0.102178,0.10194,0.0995855,0.100125,0.0985011
2368,0.10001,0.0961224,0.0996387,0.101682,0.0994457,0.0979677,0.103729,0.101951,0.0979652,0.101488
2369,0.102135,0.100588,0.102266,0.0999005,0.0976561,0.100105,0.100228,0.0974348,0.101647,0.0980385
2370,0.10189,0.0981364,0.102493,0.10085,0.0951071,0.101495,0.103824,0.098591,0.100067,0.0975454
2371,0.0977003,0.098975,0.0972026,0.106163,0.0984272,0.0976815,0.0974488,0.100947,0.104442,0.101013
2372,0.100604,0.104239,0.100572,0.096426,0.0984204,0.09716,0.102022,0.0961312,0.102118,0.102307
2373,0.0989554,0.0959444,0.104334,0.0962867,0.0971989,0.0999102,0.102499,0.103221,0.0987382,0.102912
2374,0.0971253,0.101207,0.0977986,0.0994146,0.101651,0.0984725,0.0981578,0.104066,0.101847,0.100261
2375,0.0983288,0.100442,0.10225,0.103313,0.0968444,0.0999785,0.0991279,0.102609,0.0989601,0.0981461
2376,0.0990356,0.0998279,0.100243,0.099419,0.098512,0.100504,0.0994698,0.0988655,0.104278,0.099846
2377,0.0977652,0.101025,0.100399,0.102507,0.0987654,0.0990516,0.0993251,0.100053,0.101959,0.0991497
2378,0.0987296,0.0998228,0.101462,0.0991286,0.0979812,0.0977861,0.100549,0.10372,0.0995455,0.101276
2379,0.098918,0.096025,0.0995304,0.106078,0.0985419,0.103153,0.0982086,0.10063,0.100038,0.0988776
2380,0.0999939,0.101997,0.0960736,0.101665,0.0998073,0.100339,0.098152,0.098008,0.103843,0.100122
2381,0.0974285,0.0979083,0.0990959,0.102856,0.0992861,0.102586,0.099348,0.101583,0.100592,0.0993163
2382,0.0997251,0.0958978,0.099572,0.09695,0.0977924,0.101115,0.100895,0.103185,0.104591,0.100277
2383,0.0993151,0.0978337,0.103136,0.101655,0.098992,0.0977229,0.101619,0.0997313,0.0994395,0.100555
2384,0.102828,0.102123,0.100438,0.0970392,0.0979863,0.0988903,0.10474,0.0954171,0.100387,0.100152
2385,0.101128,0.0984247,0.0986885,0.100499,0.0998631,0.100955,0.0992781,0.0984706,0.102637,0.100056
2386,0.0948673,0.100654,0.0996379,0.103583,0.099502,0.098003,0.0992047,0.100988,0.100863,0.102697
2387,0.0996589,0.098107,0.100306,0.102647,0.0994885,0.0976819,0.100651,0.0987876,0.101301,0.101371
2388,0.0977302,0.0993411,0.101864,0.0968931,0.100045,0.100203,0.101152,0.101953,0.099093,0.101726
2389,0.100027,0.103448,0.0979645,0.103858,0.101111,0.0977369,0.0968695,0.0971339,0.102344,0.0995089
2390,0.102349,0.095919,0.100943,0.100761,0.0963693,0.101052,0.10537,0.0989511,0.0971274,0.101158
2391,0.101332,0.100889,0.0992711,0.097035,0.101585,0.0991043,0.0997106,0.0976019,0.104486,0.0989841
2392,0.101781,0.0972446,0.0972302,0.10206,0.0971087,0.101227,0.104746,0.0989793,0.0994997,0.100124
2393,0.10278,0.0974959,0.102788,0.0968164,0.0980135,0.098883,0.102544,0.0999235,0.0983243,0.102432
2394,0.0963176,0.0998905,0.0999297,0.0985793,0.0964282,0.0999392,0.0997477,0.103812,0.102229,0.103126
2395,0.099022,0.100476,0.100978,0.096808,0.100299,0.0985062,0.101116,0.101725,0.100584,0.100485
2396,0.100023,0.0986916,0.100091,0.0988606,0.0971663,0.102494,0.103842,0.101316,0.0979745,0.0995402
2397,0.0975273,0.103224,0.0999263,0.100411,0.100341,0.0999658,0.0983508,0.0985911,0.0997471,0.101915
2398,0.104703,0.0938277,0.0985061,0.103749,0.101137,0.100071,0.105181,0.0984845,0.0956719,0.0986689
2399,0.0977227,0.0989413,0.100722,0.102185,0.0991147,0.0990784,0.0987059,0.10109,0.103271,0.0991688
2400,0.100291,0.102248,0.0996394,0.0979319,0.0987171,0.100379,0.101156,0.100824,0.0997719,0.0990419
2401,0.0958374,0.100878,0.0999103,0.103783,0.100903,0.0977765,0.0962963,0.0998506,0.105006,0.0997592
2402,0.101343,0.0977629,0.0967793,0.104312,0.0987768,0.099854,0.103322,0.0962096,0.100055,0.101586
2403,0.100661,0.0981874,0.0994929,0.0986722,0.0965041,0.101294,0.0994357,0.102474,0.103044,0.100235
