2001,0.0998073,0.100819,0.0987141,0.0974132,0.0987969,0.0996677,0.102806,0.097829,0.101271,0.102875
2002,0.100335,0.0995893,0.100956,0.101029,0.0987167,0.0993724,0.0995678,0.0986011,0.101103,0.100729
2003,0.0989468,0.101883,0.101067,0.101016,0.100187,0.0970568,0.101113,0.0981147,0.100178,0.100438
2004,0.0993684,0.0971968,0.0988586,0.101213,0.0970708,0.0999929,0.103946,0.100248,0.0988115,0.103294
2005,0.0980244,0.0993087,0.101542,0.104257,0.0981106,0.0998439,0.0981738,0.0982786,0.103184,0.0992781
2006,0.100553,0.0995272,0.100327,0.102439,0.0970471,0.0992767,0.101855,0.0985043,0.100927,0.0995436
2007,0.0977665,0.0985596,0.0997121,0.103946,0.0992312,0.100787,0.0980441,0.100244,0.103833,0.0978761
2008,0.0970662,0.0973432,0.0978211,0.102408,0.0997328,0.102185,0.0980009,0.10013,0.104238,0.101075
2009,0.10226,0.0950103,0.0997248,0.0995745,0.0993845,0.101704,0.103535,0.0999733,0.0970845,0.101749
2010,0.0992901,0.10117,0.101571,0.101794,0.0982818,0.0996582,0.102006,0.0975678,0.0984038,0.100257
2011,0.0985731,0.096514,0.0966897,0.109037,0.0986719,0.101565,0.0984831,0.0998049,0.100279,0.100382
2012,0.0998132,0.0958243,0.100697,0.104871,0.0997844,0.0978758,0.0992192,0.101283,0.100476,0.100156
2013,0.10039,0.0987394,0.105628,0.100663,0.099876,0.0992688,0.0980553,0.104054,0.0981798,0.095146
2014,0.097774,0.102519,0.10095,0.0993579,0.101655,0.0965166,0.0998986,0.100297,0.101051,0.0999805
2015,0.100984,0.0987643,0.103854,0.0950438,0.0982479,0.0999168,0.102148,0.101471,0.0985175,0.101053
2016,0.0991513,0.0989631,0.0969125,0.103476,0.0991013,0.101357,0.099936,0.0972187,0.103063,0.100821
2017,0.0963469,0.10147,0.0985425,0.105177,0.0976699,0.101801,0.0982789,0.0992608,0.100553,0.100899
2018,0.10042,0.0993923,0.0995916,0.0992005,0.0953585,0.101768,0.102602,0.0961595,0.10192,0.103588
2019,0.100981,0.0982457,0.104943,0.101901,0.0987639,0.0973936,0.100468,0.101693,0.0987139,0.0968971
2020,0.0941519,0.100212,0.0976389,0.104682,0.0977806,0.100483,0.0955504,0.101731,0.104711,0.103059
2021,0.0975984,0.0994021,0.100922,0.099254,0.095725,0.101438,0.101923,0.0993234,0.102579,0.101835
2022,0.0992688,0.10004,0.0991872,0.10032,0.0997907,0.0999846,0.0984571,0.100318,0.102547,0.100087
2023,0.098342,0.103375,0.0990828,0.0989215,0.100305,0.0982801,0.0971177,0.0981372,0.105956,0.100482
2024,0.0995994,0.0989669,0.103184,0.0964299,0.100758,0.0986111,0.0979942,0.101159,0.102328,0.10097
2025,0.101268,0.0973462,0.097109,0.100368,0.0980143,0.0990662,0.100925,0.10031,0.103751,0.101843
2026,0.0970427,0.0988342,0.0960993,0.102128,0.102487,0.0997872,0.0978999,0.101805,0.102397,0.101518
2027,0.0990799,0.0965106,0.0988984,0.100677,0.101548,0.0988701,0.0993925,0.101577,0.103983,0.0994632
2028,0.101499,0.0957158,0.0964816,0.102834,0.0981311,0.101821,0.103447,0.101545,0.0991766,0.0993489
2029,0.0987245,0.0965022,0.0968928,0.102834,0.0999128,0.101117,0.0986812,0.102663,0.101411,0.101262
2030,0.0987866,0.0965707,0.0998837,0.107083,0.0994359,0.100579,0.100145,0.0982883,0.10237,0.0968577
2031,0.100585,0.0950624,0.100724,0.103179,0.098723,0.10279,0.0984703,0.101701,0.100413,0.0983528
2032,0.0991164,0.0946525,0.102285,0.0998924,0.101139,0.102228,0.0991539,0.101647,0.0990031,0.100884
2033,0.0991194,0.101495,0.098197,0.0984811,0.101851,0.0970216,0.0986779,0.0993199,0.104367,0.10147
2034,0.0979904,0.102552,0.0988881,0.100411,0.101762,0.100017,0.096006,0.0988579,0.102063,0.101453
2035,0.101027,0.0966877,0.100579,0.100931,0.101014,0.100073,0.102764,0.100446,0.0989274,0.0975491
2036,0.0998158,0.0977486,0.0990782,0.103603,0.0984456,0.102554,0.0994543,0.0986792,0.104249,0.0963717
2037,0.103528,0.0965411,0.0995725,0.102658,0.0988133,0.0981145,0.103288,0.0964458,0.10116,0.0998789
2038,0.0986853,0.099223,0.0984592,0.104298,0.10166,0.099735,0.0979268,0.0969959,0.104158,0.098859
2039,0.101765,0.0994971,0.0993536,0.104762,0.0969686,0.0996506,0.102401,0.0966352,0.0993415,0.0996261
2040,0.103045,0.0956153,0.0971244,0.102833,0.0986055,0.0990037,0.102773,0.0973764,0.100474,0.103149
2041,0.100127,0.0992582,0.10183,0.103047,0.0986958,0.0978628,0.1014,0.0977294,0.098314,0.101736
2042,0.102246,0.0991559,0.0992435,0.0981457,0.10159,0.101891,0.0996681,0.0970658,0.101121,0.0998734
2043,0.101753,0.09597,0.0996694,0.0986356,0.0997318,0.0996082,0.10263,0.0995632,0.100327,0.102111
2044,0.101309,0.0995074,0.0968706,0.100625,0.099002,0.101105,0.101185,0.100435,0.103045,0.0969159
2045,0.0979788,0.0978304,0.102128,0.0981597,0.097754,0.0992549,0.103267,0.102264,0.100264,0.101099
2046,0.0983882,0.101561,0.0988121,0.104289,0.0969945,0.0999832,0.0983027,0.0986477,0.101791,0.101231
2047,0.0975129,0.100243,0.103665,0.100811,0.0986924,0.0971358,0.0998189,0.0994418,0.100443,0.102237
2048,0.0979731,0.101093,0.102161,0.0962192,0.0998245,0.099618,0.0998098,0.101339,0.0994706,0.102492
2049,0.0972627,0.098144,0.104128,0.100402,0.0986071,0.0997542,0.0986207,0.100203,0.101676,0.101202
2050,0.0989327,0.0974803,0.0996617,0.101684,0.0972884,0.100234,0.0978838,0.10245,0.103205,0.10118
2051,0.0982559,0.0966174,0.0965147,0.106056,0.0997912,0.100569,0.103007,0.0989856,0.100704,0.0994985
2052,0.0987647,0.0968827,0.0981643,0.107266,0.0994119,0.102247,0.0993961,0.0992429,0.101549,0.0970757
2053,0.101452,0.097186,0.0982287,0.102411,0.100527,0.102472,0.0958511,0.100146,0.1033,0.0984263
2054,0.100482,0.0956503,0.100698,0.104565,0.100081,0.100788,0.0995326,0.102161,0.0984894,0.097553
2055,0.100104,0.0999204,0.0982049,0.0966746,0.102164,0.0992636,0.0975238,0.10127,0.10474,0.100135
2056,0.102881,0.0979483,0.0999955,0.100659,0.0998474,0.100557,0.101641,0.0983659,0.100151,0.0979532
2057,0.0974765,0.101289,0.0999285,0.105493,0.0992208,0.0982723,0.0986471,0.0998673,0.100378,0.0994283
2058,0.102319,0.0963905,0.0959871,0.10055,0.0986478,0.102206,0.102779,0.100123,0.100849,0.10015
2059,0.0974265,0.0984943,0.0994888,0.10321,0.100679,0.0987392,0.0992318,0.103194,0.0994474,0.100089
2060,0.0977863,0.0989254,0.0962825,0.101852,0.0991751,0.0999575,0.0987033,0.102326,0.104037,0.100954
2061,0.0991026,0.0999719,0.0979859,0.0985559,0.0983058,0.09857,0.103085,0.101392,0.0999353,0.103096
2062,0.100661,0.0976755,0.100144,0.10293,0.0966653,0.0990141,0.10377,0.0999321,0.100184,0.0990222
2063,0.100334,0.100752,0.0986783,0.100939,0.0997746,0.0985907,0.101371,0.0972536,0.100737,0.101571
2064,0.097082,0.0999642,0.0994101,0.10383,0.0995737,0.100511,0.0988375,0.101036,0.099761,0.0999948
2065,0.100215,0.100978,0.0994989,0.103176,0.0998542,0.0987355,0.101114,0.0986745,0.0975143,0.100239
2066,0.0977538,0.101971,0.0987915,0.103614,0.100795,0.100062,0.0969075,0.0991385,0.101667,0.0993007
2067,0.0967437,0.0985595,0.101525,0.10103,0.0973282,0.0992727,0.0996021,0.101491,0.102445,0.102003
2068,0.0993189,0.0987419,0.100183,0.098341,0.0970162,0.100873,0.102856,0.102664,0.0999721,0.100033
2069,0.0991123,0.0986041,0.098901,0.104073,0.101349,0.10133,0.0991558,0.0981932,0.100598,0.0986837
2070,0.0997478,0.0959236,0.0988189,0.100918,0.0973645,0.100186,0.105423,0.101379,0.0983849,0.101855
2071,0.095986,0.0992946,0.100457,0.100394,0.0979846,0.100399,0.0973517,0.102082,0.105243,0.100809
2072,0.10047,0.0961511,0.0990445,0.102036,0.098378,0.100563,0.105706,0.0993513,0.0988919,0.0994079
2073,0.0980266,0.10044,0.0962516,0.102622,0.101392,0.099132,0.0996517,0.0969056,0.104634,0.100945
2074,0.0981068,0.099603,0.0966895,0.102345,0.100749,0.101209,0.0964402,0.101899,0.102461,0.100497
2075,0.0977296,0.0967921,0.0988175,0.105493,0.0980434,0.101924,0.0990468,0.10129,0.0990336,0.10183
2076,0.101274,0.0980385,0.0973444,0.102348,0.0985936,0.100276,0.102533,0.096175,0.102261,0.101156
2077,0.100353,0.099646,0.100505,0.0996894,0.0978537,0.100764,0.0999289,0.0986678,0.102467,0.100125
2078,0.10059,0.0961194,0.0975981,0.104135,0.0985497,0.0999245,0.101719,0.0999477,0.100376,0.101041
2079,0.0986008,0.0971705,0.100353,0.0956196,0.100277,0.100875,0.100336,0.101424,0.103958,0.101386
2080,0.101418,0.0991086,0.102386,0.105218,0.0987945,0.0986202,0.0989338,0.0990016,0.0975224,0.0989976
2081,0.0983755,0.102034,0.0987082,0.101257,0.100017,0.0997214,0.0981697,0.101812,0.100356,0.0995486
2082,0.0980201,0.0994579,0.100792,0.100019,0.0978834,0.09983,0.0997464,0.10135,0.102496,0.100405
2083,0.0988524,0.097538,0.100782,0.105647,0.0982445,0.100582,0.100165,0.101846,0.0983854,0.097958
2084,0.0976788,0.0975446,0.102366,0.102356,0.0998222,0.0975678,0.0991167,0.0999324,0.102181,0.101435
2085,0.100456,0.101144,0.0972459,0.0990838,0.105114,0.100167,0.0979877,0.098999,0.102396,0.0974068
2086,0.0993735,0.0976514,0.102037,0.103147,0.0975405,0.100216,0.0985108,0.103126,0.099373,0.0990255
2087,0.100699,0.0973084,0.0983773,0.101099,0.0963693,0.101583,0.102981,0.100833,0.0992056,0.101545
2088,0.0993363,0.100663,0.0976722,0.10203,0.0993072,0.0993776,0.0987671,0.0992776,0.104113,0.0994556
2089,0.0975681,0.0984036,0.102333,0.0976391,0.100694,0.0974147,0.0993075,0.10399,0.104083,0.0985667
2090,0.09993,0.0992031,0.101907,0.0999423,0.10093,0.097991,0.0974137,0.102538,0.100499,0.099646
2091,0.0985741,0.10036,0.104587,0.0955771,0.0987099,0.0992411,0.100956,0.100377,0.100193,0.101424
2092,0.0997727,0.0985697,0.0997159,0.103105,0.102203,0.0992305,0.0974792,0.101087,0.101307,0.0975306
2093,0.10198,0.102258,0.0991404,0.101692,0.0967605,0.100075,0.100364,0.0977884,0.100519,0.0994233
2094,0.098886,0.0996903,0.0960929,0.104112,0.0995558,0.100682,0.095934,0.100628,0.105517,0.098902
2095,0.0981254,0.0982387,0.0987317,0.102398,0.0997134,0.0996432,0.0997046,0.103282,0.100493,0.0996697
2096,0.0976725,0.101946,0.0999442,0.101543,0.100591,0.0990227,0.0992686,0.100998,0.0986644,0.100349
2097,0.0972177,0.097452,0.09722,0.105107,0.0994673,0.0995645,0.102821,0.0999208,0.099387,0.101843
2098,0.101596,0.0961259,0.102273,0.100339,0.0997333,0.100042,0.101872,0.100263,0.0978638,0.0998929
2099,0.0991755,0.0990122,0.100249,0.101503,0.101767,0.0994831,0.097501,0.102405,0.0994639,0.0994405
2100,0.0987734,0.0977752,0.0992617,0.101104,0.0972931,0.103965,0.100534,0.100538,0.100841,0.0999143
2101,0.0996995,0.100358,0.0989101,0.10232,0.0983243,0.0978281,0.102876,0.101415,0.097882,0.100388
2102,0.100744,0.0993203,0.101468,0.0985274,0.097512,0.0998751,0.101413,0.0993562,0.100787,0.100997
2103,0.0966025,0.100832,0.101637,0.0975499,0.102937,0.0987958,0.0967136,0.103906,0.100551,0.100475
2104,0.097849,0.0995419,0.103482,0.0988177,0.0964587,0.0985396,0.102298,0.10392,0.0967406,0.102352
2105,0.104762,0.096863,0.0957067,0.10202,0.0990033,0.100805,0.101528,0.098919,0.101654,0.0987388
2106,0.0977462,0.0982093,0.0976495,0.101894,0.0989457,0.102829,0.097896,0.100162,0.105516,0.099153
2107,0.0993159,0.09788,0.102292,0.103473,0.0975981,0.099323,0.101435,0.100398,0.097067,0.101217
2108,0.0999336,0.0974528,0.101146,0.101982,0.100205,0.0996036,0.0973193,0.102516,0.101769,0.0980732
2109,0.0969345,0.102721,0.101946,0.0989677,0.0989825,0.0985329,0.0997868,0.0971346,0.10217,0.102825
2110,0.100537,0.0978388,0.0988624,0.0979341,0.0989768,0.0996814,0.103034,0.100477,0.102911,0.0997474
2111,0.100214,0.0987878,0.10282,0.105062,0.0970962,0.0966038,0.101302,0.101013,0.0975329,0.0995696
2112,0.100283,0.100535,0.100692,0.0990945,0.0994217,0.099147,0.101691,0.0978721,0.100949,0.100315
2113,0.102735,0.0968895,0.103396,0.0989989,0.0979538,0.100362,0.103192,0.10016,0.0953637,0.100949
2114,0.0988337,0.100263,0.100841,0.103335,0.0985746,0.0995913,0.0993983,0.100979,0.0996505,0.0985339
2115,0.0974408,0.0989873,0.100743,0.0998565,0.0974426,0.100923,0.100839,0.101738,0.0980233,0.104006
2116,0.102181,0.0979545,0.100365,0.0993793,0.0996455,0.101229,0.100065,0.0996585,0.101199,0.0983237
2117,0.100119,0.0966004,0.10438,0.101554,0.0966103,0.0999646,0.100564,0.102467,0.0993124,0.098429
2118,0.101056,0.100333,0.100921,0.10146,0.0986655,0.0986446,0.100189,0.0994702,0.101238,0.0980217
2119,0.101195,0.096764,0.0991873,0.101327,0.101359,0.101143,0.100446,0.100577,0.0975541,0.100449
2120,0.0958741,0.100678,0.099799,0.100571,0.0982704,0.0999242,0.101819,0.0996939,0.101726,0.101645
2121,0.100085,0.0982978,0.101445,0.101599,0.0999022,0.0988166,0.100249,0.101113,0.0989727,0.0995194
2122,0.0976107,0.102966,0.0998553,0.0986398,0.100496,0.101599,0.0973497,0.0992465,0.101556,0.100681
2123,0.0965771,0.0990538,0.0974852,0.102576,0.101176,0.0996522,0.0984158,0.102637,0.100489,0.101938
2124,0.0982831,0.0996854,0.0986254,0.0994958,0.0994137,0.100927,0.0994436,0.0983345,0.104014,0.101777
2125,0.100871,0.100915,0.0979401,0.100077,0.0998208,0.100843,0.101791,0.0974658,0.100218,0.100057
2126,0.0988661,0.0980844,0.100609,0.101827,0.0982022,0.0996005,0.101959,0.09968,0.100138,0.101033
2127,0.100678,0.0971803,0.101131,0.0994715,0.0998263,0.0999827,0.104199,0.0985184,0.0981626,0.100849
2128,0.101023,0.10022,0.0999294,0.0985936,0.0985907,0.0989884,0.10106,0.0977999,0.102722,0.101073
2129,0.102735,0.0963506,0.102794,0.0981826,0.0987428,0.0987756,0.103293,0.0996988,0.099294,0.100134
2130,0.0975665,0.102033,0.102533,0.0961238,0.0992649,0.0979772,0.0994864,0.101652,0.100286,0.103077
2131,0.096047,0.100474,0.0951006,0.106673,0.100149,0.101476,0.0963806,0.0997163,0.103576,0.100408
2132,0.100518,0.100657,0.0980309,0.104218,0.0968202,0.099808,0.100207,0.0996071,0.10079,0.099344
2133,0.0980626,0.100529,0.097824,0.103139,0.102131,0.0974342,0.0999285,0.0987341,0.102427,0.099791
2134,0.100134,0.0990217,0.0968906,0.103359,0.0968425,0.0985009,0.103113,0.0991506,0.102589,0.100398
2135,0.0996899,0.0965765,0.100357,0.102718,0.0966836,0.10017,0.102692,0.0995526,0.10085,0.100711
2136,0.101386,0.0962666,0.0977342,0.107481,0.0966807,0.101991,0.100472,0.0976943,0.100997,0.0992987
2137,0.0987508,0.0964008,0.0969635,0.105985,0.0977299,0.101602,0.100259,0.0994516,0.10221,0.100647
2138,0.104422,0.097365,0.101815,0.0976592,0.0978811,0.0997035,0.100842,0.100797,0.100586,0.0989304
2139,0.0987637,0.100773,0.102554,0.101778,0.0988549,0.0992945,0.0978831,0.0980244,0.103,0.0990733
2140,0.0983773,0.0992445,0.10148,0.102412,0.0984095,0.0997892,0.101733,0.0993019,0.0963874,0.102864
2141,0.0963986,0.0969212,0.0979653,0.10146,0.0994782,0.102141,0.0978351,0.102012,0.105072,0.100717
2142,0.0992591,0.100304,0.0965357,0.100207,0.0999875,0.101618,0.101712,0.0964457,0.102599,0.101333
2143,0.0971035,0.097854,0.0998471,0.103251,0.100406,0.0997772,0.0954134,0.103736,0.103258,0.0993539
2144,0.100421,0.0981131,0.0994827,0.101214,0.0967377,0.103239,0.100307,0.0997939,0.100838,0.0998524
2145,0.10027,0.0977877,0.0969363,0.104738,0.101829,0.0985133,0.095511,0.100112,0.103044,0.101259
2146,0.100037,0.0985674,0.0994455,0.101596,0.100245,0.10226,0.0981138,0.0971093,0.103322,0.0993048
2147,0.102544,0.0970489,0.0985707,0.0983934,0.0977932,0.101574,0.106763,0.099217,0.0964513,0.101644
2148,0.0976971,0.0979241,0.100611,0.103219,0.101036,0.10048,0.0950654,0.100928,0.103204,0.0998352
2149,0.099481,0.0989131,0.0980476,0.103634,0.0998524,0.0980887,0.102403,0.098575,0.0997413,0.101263
2150,0.0970619,0.0990375,0.100109,0.099692,0.0973456,0.100401,0.0998908,0.101041,0.104574,0.100848
2151,0.100315,0.0987853,0.0967281,0.103976,0.0991735,0.0993873,0.100165,0.0988902,0.102905,0.0996745
2152,0.0979599,0.100882,0.0988431,0.0989036,0.101523,0.0991171,0.0977682,0.0996252,0.104699,0.10068
2153,0.0982003,0.0998262,0.100646,0.0973155,0.099843,0.0993607,0.0999966,0.0996476,0.10327,0.101894
2154,0.098602,0.0993846,0.102298,0.103541,0.0971625,0.0998287,0.0999738,0.0988909,0.100209,0.10011
2155,0.0981632,0.100769,0.100501,0.100477,0.0995378,0.0999363,0.0996548,0.0994573,0.101937,0.0995658
2156,0.101534,0.101058,0.0983072,0.0985185,0.09933,0.101081,0.0994584,0.0968875,0.105993,0.0978313
2157,0.101732,0.101322,0.0978418,0.102698,0.100229,0.100816,0.0983394,0.0990691,0.101349,0.0966027
2158,0.101154,0.0950289,0.0970657,0.101162,0.100066,0.102592,0.102187,0.0982145,0.103737,0.0987912
2159,0.0998078,0.0985161,0.0970051,0.100695,0.102153,0.101952,0.0971434,0.0979112,0.107348,0.0974686
2160,0.0996593,0.100397,0.100212,0.0984238,0.0985125,0.0975767,0.10328,0.101169,0.0981508,0.102619
2161,0.0984024,0.097409,0.0983493,0.0991927,0.0962859,0.104496,0.101258,0.098634,0.103826,0.102147
2162,0.100671,0.102113,0.101299,0.0990388,0.10066,0.0988027,0.100479,0.0973954,0.101482,0.0980586
2163,0.0970889,0.0998587,0.103161,0.0970973,0.0978457,0.099944,0.100481,0.102699,0.101361,0.100463
2164,0.0992228,0.100795,0.0973739,0.0978739,0.0999233,0.0997347,0.102514,0.100079,0.100812,0.101671
2165,0.098351,0.101151,0.0993328,0.105472,0.0995488,0.0990889,0.0959085,0.0994707,0.102234,0.0994414
2166,0.101081,0.0991917,0.100528,0.0989525,0.101162,0.0993993,0.0992009,0.100134,0.101772,0.0985786
2167,0.0980277,0.101479,0.0987217,0.0989383,0.102276,0.0988488,0.0984818,0.0981767,0.102284,0.102766
2168,0.0969848,0.0994614,0.10243,0.101157,0.10126,0.0996389,0.0946715,0.101842,0.101513,0.101041
2169,0.0964222,0.0995381,0.09914,0.101333,0.10043,0.0977851,0.0982408,0.10161,0.103577,0.101923
2170,0.0993376,0.101405,0.0997789,0.0977446,0.0961492,0.0996038,0.103532,0.0993659,0.101212,0.101871
2171,0.102119,0.0990941,0.096141,0.100422,0.10135,0.10165,0.101042,0.0959084,0.103913,0.098361
2172,0.0996727,0.0982176,0.100061,0.0966282,0.100852,0.0975561,0.0999617,0.101767,0.103869,0.101414
2173,0.0989641,0.0989134,0.0970759,0.101769,0.0977338,0.101643,0.100576,0.0991189,0.103755,0.100452
2174,0.099436,0.0970824,0.0972343,0.100902,0.0986479,0.101964,0.101016,0.100152,0.102212,0.101353
2175,0.101188,0.0952848,0.100197,0.103339,0.0998322,0.0999567,0.0998923,0.101833,0.09845,0.100027
2176,0.0966926,0.0970221,0.0985628,0.102308,0.100237,0.0994611,0.0997254,0.10297,0.100406,0.102615
2177,0.100168,0.096258,0.0973225,0.102689,0.100917,0.0994849,0.100811,0.0977003,0.102659,0.101989
2178,0.0960962,0.101063,0.0988812,0.100225,0.0998566,0.0992137,0.0982833,0.101925,0.101853,0.102603
2179,0.096561,0.0986658,0.0999403,0.0993552,0.0978267,0.102112,0.100474,0.103368,0.0991453,0.102551
2180,0.0989806,0.0969485,0.101231,0.101678,0.101001,0.100572,0.0957834,0.0998857,0.105075,0.0988444
2181,0.0970852,0.0997964,0.101282,0.103008,0.0990795,0.0995974,0.0971933,0.10395,0.0983963,0.100613
2182,0.103305,0.0983972,0.100889,0.101275,0.0975894,0.100942,0.100256,0.0979965,0.101867,0.0974819
2183,0.0985158,0.0976144,0.1009,0.102464,0.0979502,0.10033,0.0988862,0.101264,0.102581,0.0994943
2184,0.101604,0.0981289,0.103474,0.100594,0.0946739,0.0997079,0.104901,0.0991994,0.0991389,0.0985777
2185,0.0978209,0.0992452,0.0997628,0.0977768,0.099909,0.09902,0.102528,0.101706,0.100454,0.101778
2186,0.101408,0.0969176,0.0983929,0.100676,0.0984831,0.101209,0.101539,0.100756,0.0977462,0.102873
2187,0.105368,0.099196,0.101956,0.101104,0.0968127,0.0973985,0.104292,0.0981576,0.0965379,0.0991778
2188,0.102283,0.0959968,0.10351,0.0986228,0.102631,0.0993553,0.0995526,0.101933,0.097915,0.0982006
2189,0.0997644,0.102498,0.0972731,0.0983442,0.0988732,0.0991223,0.0999902,0.099102,0.101771,0.103262
2190,0.1001,0.0968897,0.0998089,0.100026,0.097065,0.0992116,0.103227,0.100618,0.102744,0.10031
2191,0.100522,0.0992887,0.10274,0.0973941,0.0997512,0.0978405,0.10328,0.0996335,0.0974177,0.102133
2192,0.0967144,0.0995576,0.102273,0.100984,0.098169,0.0976708,0.100893,0.101628,0.0991133,0.102997
2193,0.0972084,0.0995904,0.100112,0.102954,0.100708,0.098816,0.0955381,0.101102,0.101992,0.10198
2194,0.101651,0.100732,0.100207,0.102142,0.0950335,0.099902,0.103855,0.0980421,0.0975152,0.100921
2195,0.0997857,0.0979613,0.104015,0.104095,0.0965958,0.0995504,0.101154,0.101229,0.0968944,0.0987197
2196,0.10024,0.100513,0.103389,0.101926,0.0979782,0.0999569,0.0982587,0.0998357,0.0982308,0.099673
2197,0.0997137,0.0998094,0.0986908,0.102115,0.098361,0.0980325,0.101679,0.0997366,0.102682,0.0991796
2198,0.0978698,0.102105,0.100357,0.0988721,0.101098,0.0978612,0.0983042,0.0985719,0.103898,0.101062
2199,0.0986322,0.0998818,0.100962,0.0998006,0.0979364,0.100558,0.0978277,0.102428,0.101184,0.10079
2200,0.100252,0.0999394,0.10137,0.100647,0.100473,0.0997238,0.0986969,0.100497,0.0989178,0.0994834
2201,0.0962929,0.099033,0.101215,0.0998691,0.101444,0.0974647,0.0972912,0.1043,0.1018,0.10129
2202,0.0992722,0.0992503,0.0991475,0.10327,0.0958999,0.0999013,0.101984,0.102031,0.0994304,0.0998134
2203,0.100166,0.0974222,0.0982514,0.100417,0.0971654,0.100125,0.104828,0.0980033,0.100358,0.103263
2204,0.0984539,0.0990918,0.100999,0.101797,0.0994887,0.100023,0.10096,0.0991273,0.100573,0.0994854
2205,0.0988848,0.0990023,0.103133,0.100595,0.0978576,0.0996538,0.0980046,0.103216,0.100136,0.0995168
2206,0.101407,0.09901,0.100787,0.100719,0.102158,0.0993838,0.0990849,0.0986282,0.0994461,0.099376
2207,0.0996552,0.0976152,0.100238,0.0979215,0.097536,0.100191,0.102982,0.103528,0.0996421,0.100691
2208,0.097926,0.0978163,0.101704,0.100147,0.0986145,0.0970098,0.102709,0.102002,0.100771,0.101301
2209,0.0991485,0.100622,0.101079,0.0991209,0.0992691,0.0984924,0.100629,0.098437,0.102827,0.100375
2210,0.0991188,0.100917,0.096923,0.0979023,0.100701,0.0998573,0.10188,0.101033,0.100061,0.101607
2211,0.0989392,0.0950613,0.0976457,0.106967,0.0999264,0.102228,0.0960522,0.101363,0.102572,0.0992452
2212,0.102165,0.0962676,0.10084,0.102274,0.0958968,0.100636,0.102597,0.100489,0.0988345,0.100001
2213,0.0994147,0.0999535,0.100099,0.100976,0.0992776,0.0987582,0.101029,0.102576,0.0983632,0.0995528
2214,0.0996817,0.0990683,0.0992808,0.100917,0.0990557,0.0976585,0.100496,0.103104,0.100126,0.100612
2215,0.104228,0.098467,0.100243,0.10099,0.0991583,0.0995165,0.103118,0.0976234,0.0975188,0.0991361
2216,0.099449,0.0963693,0.0990394,0.103916,0.0986085,0.0983177,0.101012,0.100819,0.100568,0.101901
2217,0.0964294,0.099672,0.10077,0.101093,0.0975116,0.101168,0.0997547,0.0999821,0.102937,0.100682
2218,0.0976039,0.0981397,0.0969012,0.10123,0.10133,0.101351,0.0967407,0.0996137,0.107428,0.0996616
2219,0.098024,0.100708,0.101577,0.102107,0.0984788,0.0983443,0.0988704,0.100265,0.101887,0.0997391
2220,0.102323,0.0986797,0.0995216,0.101845,0.0978052,0.0993866,0.103131,0.097849,0.099951,0.0995085
2221,0.0997449,0.100035,0.0993556,0.100806,0.0984399,0.0996009,0.098775,0.0992442,0.104187,0.0998122
2222,0.0999891,0.0967268,0.0997766,0.102075,0.100249,0.0984447,0.0995839,0.0987476,0.103556,0.100851
2223,0.0992255,0.0983579,0.0986059,0.104316,0.0966063,0.102743,0.0974025,0.0993927,0.102987,0.100363
2224,0.0980459,0.0969687,0.102282,0.100634,0.098646,0.102193,0.10182,0.103182,0.0969558,0.0992722
2225,0.100044,0.0978358,0.0993993,0.100226,0.102095,0.100699,0.0974426,0.0996228,0.102301,0.100335
2226,0.100735,0.0996545,0.0968696,0.101794,0.099936,0.100316,0.100061,0.0976543,0.101887,0.101093
2227,0.0978579,0.0982605,0.100586,0.103219,0.0958483,0.101271,0.0994824,0.0997927,0.10265,0.101032
2228,0.0970516,0.0985352,0.100945,0.101636,0.100115,0.0980053,0.0989872,0.104495,0.0999821,0.100247
2229,0.100981,0.0980788,0.104162,0.101144,0.0959707,0.0998864,0.101913,0.100799,0.0985615,0.0985041
2230,0.102156,0.0977921,0.0972585,0.100771,0.102061,0.0986317,0.101893,0.0991202,0.0991126,0.101204
2231,0.0998605,0.0981868,0.0956521,0.104778,0.100551,0.10067,0.101196,0.0994889,0.100705,0.0989112
2232,0.100521,0.100859,0.0980564,0.100183,0.0971555,0.100579,0.102685,0.0985727,0.10199,0.0993982
2233,0.0972828,0.0967027,0.0974492,0.101407,0.101557,0.101916,0.0993498,0.100931,0.101438,0.101966
2234,0.0957876,0.0993419,0.102628,0.101915,0.0964802,0.100173,0.0995238,0.102016,0.100525,0.101609
2235,0.0989532,0.096859,0.0978179,0.0992035,0.101862,0.0995558,0.0990871,0.0997689,0.103623,0.10327
2236,0.101296,0.0992507,0.100479,0.0986015,0.0957719,0.102273,0.101229,0.100051,0.100483,0.100565
2237,0.096292,0.0997878,0.099773,0.101709,0.100734,0.0975204,0.0975701,0.102713,0.101782,0.102119
2238,0.0978912,0.101762,0.104014,0.0975192,0.0978116,0.0993146,0.0993117,0.102044,0.100788,0.0995444
2239,0.100543,0.0974009,0.0990732,0.103246,0.0992551,0.101123,0.0972098,0.0994351,0.102054,0.10066
2240,0.099566,0.0977458,0.0995661,0.103369,0.0995855,0.0999442,0.096302,0.103113,0.105008,0.0958003
2241,0.09744,0.0989188,0.0995437,0.105042,0.0977223,0.10069,0.0973913,0.10118,0.101979,0.100093
2242,0.10039,0.0990688,0.0949819,0.100948,0.101091,0.100915,0.0984032,0.0975764,0.106349,0.100277
2243,0.0977066,0.0957431,0.0997534,0.105539,0.0979057,0.100523,0.100768,0.103034,0.0977796,0.101248
2244,0.0973421,0.0978146,0.101459,0.0991886,0.0985227,0.0999233,0.101598,0.103048,0.100337,0.100767
2245,0.0995121,0.0986001,0.10223,0.0988705,0.0960622,0.0989661,0.103428,0.0997086,0.100766,0.101858
2246,0.0965098,0.10247,0.100647,0.0997487,0.101459,0.0973479,0.0960983,0.102723,0.101221,0.101775
2247,0.0998335,0.100789,0.101219,0.0971252,0.0983291,0.0978951,0.100803,0.0999647,0.101774,0.102268
2248,0.102789,0.0943757,0.101121,0.103521,0.0986368,0.101745,0.101295,0.0979124,0.0991475,0.0994565
2249,0.0994434,0.0960753,0.100477,0.100169,0.0985946,0.101076,0.098042,0.101792,0.102289,0.102041
2250,0.0989864,0.101547,0.100171,0.0998982,0.100788,0.0965834,0.0988619,0.100198,0.103035,0.099931
2251,0.0988111,0.0974046,0.100939,0.0953507,0.10027,0.100247,0.101915,0.102146,0.101261,0.101654
2252,0.0998301,0.097331,0.103574,0.101474,0.0965582,0.0988731,0.102737,0.100532,0.099025,0.100065
2253,0.100092,0.0988281,0.0985916,0.101122,0.099641,0.0984414,0.103082,0.100366,0.099746,0.100089
2254,0.0974891,0.0974974,0.100283,0.100146,0.100874,0.101349,0.0973083,0.100646,0.104378,0.10003
2255,0.096805,0.0974483,0.0981436,0.106195,0.097638,0.102361,0.099532,0.100455,0.10071,0.100712
2256,0.0975976,0.0969049,0.0964662,0.104071,0.101456,0.10167,0.0991379,0.100738,0.102752,0.0992068
2257,0.100865,0.0996195,0.100866,0.0995777,0.0982015,0.0992018,0.101128,0.100122,0.0991346,0.101284
2258,0.0988803,0.0971454,0.0987269,0.101514,0.105519,0.0973355,0.0966464,0.10314,0.101375,0.0997169
2259,0.0981307,0.0983559,0.0973861,0.106644,0.101983,0.101759,0.0952901,0.0979245,0.103073,0.099454
2260,0.104074,0.0977505,0.100848,0.100833,0.0978571,0.100862,0.104369,0.0971872,0.0966562,0.0995626
2261,0.101287,0.0983061,0.0989323,0.102111,0.100382,0.0992389,0.10395,0.0969275,0.10007,0.0987945
2262,0.101012,0.100507,0.0995765,0.0969915,0.0973152,0.0995184,0.105259,0.0974762,0.0995561,0.102788
2263,0.100983,0.0983998,0.0962124,0.100734,0.0995491,0.102261,0.0995251,0.0993206,0.102749,0.100267
2264,0.0974925,0.0973503,0.102716,0.100725,0.096865,0.10189,0.101715,0.100667,0.09951,0.101069
2265,0.100098,0.0981222,0.0959631,0.102997,0.101787,0.0985542,0.0997129,0.098564,0.103244,0.100958
2266,0.104168,0.0954417,0.10153,0.101109,0.0961934,0.10034,0.106673,0.0975002,0.0975449,0.0994988
2267,0.0974195,0.0959,0.0972861,0.108009,0.0971637,0.102171,0.0997306,0.101362,0.100114,0.100844
2268,0.102066,0.0958405,0.098118,0.106742,0.0975904,0.10248,0.0991759,0.0980387,0.100453,0.0994942
2269,0.0963935,0.0966182,0.101942,0.0999703,0.0968507,0.101632,0.101137,0.101853,0.102979,0.100624
2270,0.0994502,0.0999963,0.100373,0.105071,0.0982108,0.0990452,0.0988362,0.10034,0.0990046,0.099673
2271,0.100578,0.101115,0.0995156,0.0947953,0.101509,0.099111,0.101115,0.0980085,0.102136,0.102116
2272,0.0996733,0.104524,0.0980088,0.0984172,0.101307,0.0972174,0.0996617,0.0970406,0.102695,0.101455
2273,0.100306,0.0997043,0.0998633,0.100176,0.0980805,0.0975071,0.102598,0.0980952,0.100742,0.102929
2274,0.10104,0.099496,0.0968209,0.0980938,0.102096,0.101525,0.10075,0.0964427,0.104272,0.0994631
2275,0.0981216,0.0994481,0.097042,0.100383,0.0991683,0.0987954,0.0999391,0.0996105,0.105992,0.1015
2276,0.10142,0.0969341,0.0989303,0.102645,0.100079,0.101339,0.10033,0.101516,0.0993475,0.0974598
2277,0.0990482,0.104137,0.0992501,0.0976674,0.0980665,0.0975755,0.102463,0.097987,0.100504,0.103301
2278,0.0991398,0.0965357,0.0991569,0.102745,0.100174,0.102193,0.0978612,0.100295,0.100249,0.10165
2279,0.103509,0.0984623,0.0989065,0.101111,0.0939486,0.101049,0.103469,0.0987282,0.100991,0.0998259
2280,0.098087,0.0991211,0.100019,0.101212,0.0996275,0.100505,0.10027,0.0994274,0.101639,0.100092
2281,0.0965782,0.101727,0.0977406,0.100979,0.099005,0.100172,0.0996378,0.0997947,0.104173,0.100193
2282,0.100193,0.0974082,0.101629,0.100859,0.0981176,0.0991736,0.100138,0.103787,0.0985731,0.100121
2283,0.100671,0.0985302,0.100253,0.0967264,0.0993444,0.0989847,0.100918,0.0985513,0.102064,0.103956
2284,0.0963339,0.101298,0.101212,0.102574,0.100694,0.0967084,0.10055,0.100582,0.0983244,0.101723
2285,0.0969311,0.0963647,0.0984229,0.102508,0.0963322,0.102334,0.103656,0.101273,0.0993459,0.102832
2286,0.0988468,0.100257,0.0978078,0.105662,0.0968407,0.10133,0.10007,0.0998732,0.100162,0.0991504
2287,0.10001,0.101164,0.0994884,0.10282,0.0985816,0.0971489,0.100791,0.101813,0.0990762,0.0991077
2288,0.100531,0.0970647,0.0983028,0.100127,0.101958,0.100113,0.0997,0.0997255,0.100447,0.102031
2289,0.0996554,0.0979059,0.0995978,0.0986214,0.100681,0.101359,0.0989215,0.0988818,0.104495,0.0998814
2290,0.100023,0.0973155,0.103465,0.100348,0.100993,0.0976582,0.0999198,0.102356,0.0993963,0.0985244
2291,0.101511,0.0982051,0.0994709,0.100459,0.0996412,0.0994887,0.0996793,0.100572,0.102817,0.0981552
2292,0.099248,0.0979295,0.101352,0.101216,0.0963905,0.101677,0.0994216,0.100031,0.103491,0.0992429
2293,0.100327,0.0991852,0.102504,0.100622,0.0982826,0.0982223,0.101094,0.102816,0.0985564,0.0983915
2294,0.0992976,0.098828,0.10066,0.0992747,0.0982887,0.101688,0.100374,0.102527,0.0984687,0.100592
2295,0.10159,0.0955695,0.102088,0.0972663,0.0997086,0.100473,0.101403,0.102537,0.0998983,0.099466
2296,0.100384,0.0993804,0.0980372,0.099748,0.097581,0.100152,0.100995,0.0998814,0.102537,0.101304
2297,0.0989159,0.0988845,0.103033,0.102585,0.0972351,0.0992043,0.100065,0.101846,0.0970345,0.101197
2298,0.101884,0.10023,0.0982175,0.100544,0.102,0.0988797,0.100872,0.0970741,0.0990151,0.101283
2299,0.0986194,0.0951243,0.100491,0.101921,0.0970838,0.102539,0.101282,0.102793,0.0994107,0.100736
2300,0.102133,0.0959676,0.100051,0.107857,0.0978981,0.101152,0.0985236,0.0975454,0.101155,0.0977161
2301,0.101448,0.102167,0.100192,0.0995869,0.0986902,0.0976868,0.0997776,0.100545,0.099826,0.100081
2302,0.0991399,0.100263,0.100846,0.102227,0.102551,0.0986261,0.0983985,0.0960439,0.102001,0.0999036
2303,0.100509,0.0986809,0.0989087,0.0993748,0.097408,0.0991201,0.10511,0.100198,0.0981822,0.102509
2304,0.0986561,0.0990374,0.0992708,0.0996959,0.10072,0.0984713,0.0978541,0.100636,0.103442,0.102217
2305,0.098861,0.0967178,0.0963042,0.100576,0.0988239,0.102193,0.102478,0.100654,0.102802,0.10059
2306,0.102445,0.100038,0.101584,0.10045,0.0950836,0.0991738,0.105021,0.0983707,0.0978723,0.0999616
2307,0.0990953,0.10038,0.0992362,0.0977325,0.100239,0.101288,0.0996848,0.100472,0.102021,0.0998521
2308,0.100404,0.0983944,0.0999538,0.100313,0.0960236,0.100569,0.105438,0.0972316,0.0996947,0.101978
2309,0.0972715,0.0989859,0.097293,0.104144,0.0969219,0.100573,0.0982157,0.101139,0.104811,0.100645
2310,0.0983686,0.0985891,0.098636,0.0960733,0.0992833,0.101584,0.10246,0.102936,0.101151,0.100919
2311,0.100631,0.0982936,0.101338,0.103263,0.0982661,0.101194,0.102753,0.0990913,0.0955087,0.0996627
2312,0.100281,0.0993063,0.0988864,0.106695,0.0999332,0.0980645,0.099969,0.0997008,0.0975056,0.0996579
2313,0.0984219,0.103787,0.0976374,0.101941,0.0983801,0.100282,0.0989714,0.0996745,0.100604,0.100301
2314,0.100922,0.0974246,0.100624,0.102921,0.101038,0.09756,0.0971509,0.101295,0.100991,0.100074
2315,0.101673,0.100578,0.0963355,0.0981456,0.098799,0.101642,0.102606,0.0975571,0.102234,0.100429
2316,0.101733,0.0978549,0.101784,0.102737,0.0959161,0.100045,0.101314,0.100028,0.098527,0.100061
2317,0.0985938,0.0996856,0.101173,0.103808,0.102057,0.0986926,0.0971929,0.0992368,0.0990781,0.100483
2318,0.100356,0.0968754,0.100573,0.102235,0.097535,0.0996087,0.103174,0.100694,0.0994055,0.0995438
2319,0.103404,0.0986236,0.0989163,0.101252,0.100001,0.101893,0.101265,0.0995555,0.0978546,0.0972358
2320,0.0983375,0.100615,0.100083,0.0976551,0.103147,0.100183,0.0968486,0.101013,0.103568,0.0985482
2321,0.101834,0.0981169,0.0973063,0.0994612,0.100113,0.10041,0.103747,0.09946,0.0994188,0.100133
2322,0.101297,0.0973208,0.0993156,0.101724,0.101458,0.0990219,0.103835,0.0985359,0.0979769,0.0995156
2323,0.098898,0.100766,0.0994299,0.10251,0.0973483,0.0997158,0.10204,0.099412,0.101008,0.0988721
2324,0.0968191,0.0990919,0.0992588,0.103748,0.10016,0.0988587,0.100255,0.0991519,0.101138,0.101519
2325,0.0986326,0.0974012,0.0976052,0.0994143,0.10008,0.100998,0.0994295,0.0999177,0.105171,0.101351
2326,0.0963725,0.0982992,0.100674,0.101749,0.100416,0.10014,0.0987625,0.101195,0.101195,0.101197
2327,0.100357,0.0991137,0.102215,0.100807,0.0950065,0.100898,0.102839,0.0995982,0.0989505,0.100215
2328,0.0960638,0.0981132,0.0975796,0.104569,0.101221,0.0988071,0.0999943,0.101592,0.0986188,0.103441
2329,0.0975861,0.0998272,0.0962304,0.100224,0.103479,0.0994893,0.0956999,0.100539,0.10525,0.101675
2330,0.0982154,0.0957834,0.0986069,0.0993075,0.0985971,0.102386,0.103145,0.100858,0.100394,0.102707
2331,0.0997467,0.0963424,0.0974688,0.0987667,0.100514,0.102038,0.099251,0.100669,0.104201,0.101002
2332,0.101609,0.0981698,0.100622,0.102441,0.0959415,0.101337,0.103126,0.0987189,0.0987795,0.0992545
2333,0.0977766,0.102808,0.102678,0.0993258,0.0976876,0.0987142,0.101107,0.098107,0.0985799,0.103215
2334,0.101621,0.0998527,0.0987848,0.0999413,0.0992684,0.100328,0.10351,0.0967724,0.0984612,0.101461
2335,0.0987719,0.100326,0.102108,0.0985774,0.100282,0.0999266,0.0984902,0.100447,0.101192,0.0998796
2336,0.101199,0.0982898,0.0991142,0.100169,0.0958538,0.0993915,0.105365,0.0999451,0.097964,0.102708
2337,0.100459,0.100398,0.0985765,0.0978647,0.103411,0.098178,0.0980881,0.10006,0.102904,0.100061
2338,0.0977127,0.102142,0.0985523,0.0983818,0.0990225,0.100685,0.0966841,0.0986314,0.108296,0.099892
2339,0.100718,0.0978555,0.0989532,0.101334,0.0981179,0.0991079,0.104401,0.0996755,0.0978481,0.101989
2340,0.0996537,0.0981609,0.0994558,0.1018,0.0983661,0.0999531,0.102854,0.09923,0.0980616,0.102465
2341,0.0975731,0.101706,0.102114,0.0997297,0.0996016,0.0998279,0.100046,0.0984075,0.0995621,0.101432
2342,0.10167,0.0989266,0.0979892,0.104233,0.0984423,0.0992653,0.101072,0.0961854,0.103532,0.0986854
2343,0.0992981,0.0982006,0.0963188,0.102909,0.100585,0.100743,0.102775,0.097908,0.102388,0.0988739
2344,0.098557,0.0975604,0.0999967,0.0991415,0.0973807,0.100446,0.103607,0.102533,0.10008,0.100698
2345,0.10362,0.0973721,0.097013,0.0999175,0.098295,0.101158,0.104742,0.0978065,0.0989321,0.101143
2346,0.100606,0.0982397,0.0988371,0.0973152,0.0998567,0.102616,0.101837,0.0991315,0.100778,0.100783
2347,0.0971631,0.0980886,0.0989753,0.0989478,0.100607,0.100461,0.100146,0.102133,0.102058,0.101421
2348,0.098049,0.0987307,0.10218,0.0985832,0.0964671,0.0993344,0.101692,0.101514,0.0998373,0.103614
2349,0.100063,0.0979482,0.098584,0.0984717,0.102597,0.10025,0.0985881,0.101965,0.100693,0.100839
2350,0.101168,0.0971714,0.0997874,0.0982223,0.100732,0.102226,0.098762,0.09875,0.10392,0.0992608
2351,0.100011,0.0983061,0.101544,0.0980571,0.101295,0.0995115,0.0970855,0.100344,0.10271,0.101136
2352,0.0982155,0.0993965,0.100935,0.102442,0.0955473,0.101887,0.0994511,0.100311,0.0998098,0.102005
2353,0.101204,0.100483,0.0971959,0.0985158,0.102066,0.101857,0.0992094,0.10147,0.099968,0.0980316
2354,0.0990892,0.0973339,0.100354,0.0994573,0.09957,0.100389,0.100706,0.101035,0.101616,0.10045
2355,0.0993077,0.0990916,0.09924,0.0995224,0.0998697,0.10015,0.0965265,0.10354,0.102862,0.0998895
2356,0.0969432,0.0966506,0.0984751,0.10072,0.10099,0.102766,0.100137,0.100517,0.103139,0.0996627
2357,0.0975625,0.100417,0.0998713,0.102949,0.0978001,0.0982612,0.0998036,0.102182,0.0994772,0.101676
2358,0.100881,0.0977271,0.102261,0.10441,0.0975898,0.100401,0.101619,0.0998855,0.0963915,0.0988342
2359,0.100992,0.0951938,0.101295,0.103925,0.0978107,0.0984746,0.10394,0.102576,0.0953428,0.10045
2360,0.0998282,0.0979013,0.099736,0.101225,0.101554,0.0985614,0.0983814,0.104247,0.100392,0.0981741
2361,0.100233,0.0980576,0.102966,0.101465,0.0969711,0.0996582,0.101795,0.0996602,0.0983177,0.100876
2362,0.102032,0.0982702,0.0996451,0.0955492,0.100535,0.100365,0.101741,0.100035,0.103523,0.0983035
2363,0.101859,0.0956652,0.101019,0.0984873,0.101243,0.101858,0.0992435,0.0999033,0.10074,0.0999816
2364,0.101465,0.0973944,0.102803,0.100763,0.100805,0.0995443,0.0993242,0.100187,0.0984812,0.0992334
2365,0.0983954,0.100982,0.0956894,0.102323,0.0996793,0.102651,0.0981511,0.101143,0.102126,0.0988589
2366,0.101321,0.0986475,0.0975971,0.101949,0.098101,0.100484,0.102941,0.100256,0.0993838,0.0993207
2367,0.0998265,0.0989244,0.0976161,0.102957,0.0988141,0.10171,0.101311,0.0995366,0.100707,0.0985967
2368,0.100075,0.0967884,0.0997903,0.101297,0.0992663,0.0975631,0.103404,0.101855,0.0982084,0.101752
2369,0.102136,0.0998502,0.10246,0.100152,0.0980668,0.0998929,0.0999756,0.0972583,0.102192,0.098016
2370,0.101988,0.0978666,0.102743,0.100866,0.0951495,0.101062,0.103673,0.098173,0.100667,0.0978122
2371,0.0977274,0.0988066,0.0975279,0.106687,0.0983723,0.0977367,0.097362,0.101258,0.103539,0.100984
2372,0.100446,0.103666,0.100642,0.0964335,0.0987095,0.0975262,0.101866,0.0963017,0.102314,0.102095
2373,0.0990026,0.0960737,0.104736,0.0967115,0.0969244,0.0995044,0.102092,0.103191,0.09877,0.102994
2374,0.0976381,0.100759,0.098037,0.0994051,0.101485,0.0982243,0.0981566,0.104311,0.101738,0.100246
2375,0.0987381,0.0999925,0.102446,0.103308,0.0968597,0.0994546,0.099275,0.10232,0.0991777,0.0984279
2376,0.0989981,0.0998184,0.100347,0.0998359,0.0982939,0.100363,0.099329,0.0986726,0.104446,0.0998962
2377,0.097963,0.100562,0.100636,0.1021,0.0986642,0.0990622,0.0989565,0.100036,0.1028,0.0992199
2378,0.0988263,0.0996381,0.101739,0.0996673,0.0979648,0.0976513,0.100193,0.10392,0.0989603,0.101439
2379,0.0987093,0.0968692,0.0993182,0.105799,0.0985927,0.102683,0.0985127,0.100258,0.100358,0.0988995
2380,0.100409,0.10151,0.0961613,0.101581,0.0994924,0.100492,0.0983025,0.0979775,0.104002,0.100073
2381,0.097725,0.0979004,0.0991157,0.103004,0.0991601,0.101983,0.0991234,0.101536,0.10119,0.0992626
2382,0.0999103,0.0964014,0.0998207,0.0975746,0.0976041,0.100416,0.100948,0.103053,0.103854,0.100418
2383,0.0991193,0.0984589,0.103425,0.101415,0.0985838,0.0976539,0.101241,0.0997535,0.0996115,0.100737
2384,0.102443,0.101849,0.10066,0.097291,0.0980435,0.0989692,0.104191,0.0957109,0.100765,0.100077
2385,0.101355,0.0985189,0.0987301,0.100621,0.0995766,0.100883,0.0992418,0.098261,0.102821,0.0999919
2386,0.0955666,0.100204,0.0999098,0.103076,0.0989881,0.0983431,0.099526,0.100883,0.100917,0.102587
2387,0.0994496,0.0983187,0.100688,0.102174,0.0993534,0.0979347,0.100461,0.0989997,0.101289,0.101331
2388,0.0980198,0.0993331,0.102139,0.0977732,0.100317,0.0998963,0.101443,0.10176,0.0979783,0.10134
2389,0.100124,0.1028,0.0980604,0.103601,0.101256,0.0982979,0.0968744,0.097124,0.102559,0.0993036
2390,0.10198,0.0961857,0.101,0.100907,0.0965373,0.101152,0.104162,0.0989403,0.0978178,0.101318
2391,0.101438,0.100502,0.099452,0.09739,0.101452,0.0992881,0.0999516,0.0978866,0.10382,0.098821
2392,0.101571,0.0973001,0.0974986,0.102324,0.0970367,0.101177,0.104456,0.0987851,0.0997568,0.100095
2393,0.102689,0.0977102,0.103102,0.09753,0.0980369,0.0988945,0.101879,0.100004,0.097796,0.102358
2394,0.0967116,0.0993901,0.100222,0.0990257,0.0969157,0.0992494,0.100301,0.103819,0.101576,0.102789
2395,0.0993243,0.100271,0.101213,0.0965587,0.100524,0.0983718,0.101318,0.101368,0.100599,0.100452
2396,0.100118,0.0988221,0.100194,0.0990035,0.0971357,0.101701,0.103739,0.101264,0.0983785,0.0996447
2397,0.0978016,0.102737,0.100141,0.100147,0.100104,0.100227,0.0984642,0.098819,0.100027,0.101533
2398,0.104587,0.0943754,0.0986602,0.103439,0.100813,0.100199,0.10432,0.098528,0.0961913,0.0988876
2399,0.098026,0.0988495,0.100886,0.102132,0.0992735,0.0987754,0.0988998,0.101142,0.102858,0.099157
2400,0.100569,0.101294,0.100024,0.09777,0.099078,0.0998299,0.101396,0.100832,0.100368,0.0988383
2401,0.096417,0.100424,0.100024,0.103703,0.100695,0.0979562,0.0970332,0.0998129,0.104276,0.0996593
2402,0.100976,0.0979986,0.0970659,0.104358,0.0986681,0.0998131,0.102715,0.0967001,0.100291,0.101414
2403,0.100596,0.0979704,0.0996866,0.0997832,0.0969952,0.100659,0.0989338,0.102692,0.102413,0.10027
