2001,0.0998168,0.100938,0.0989436,0.0975052,0.0987109,0.0995948,0.102596,0.0977625,0.101339,0.102793
2002,0.100114,0.0995049,0.10127,0.100974,0.0985455,0.0993414,0.0995027,0.0984969,0.10141,0.100841
2003,0.098861,0.101712,0.101272,0.100695,0.100093,0.0971655,0.101217,0.098015,0.100351,0.100618
2004,0.0995899,0.0971686,0.0987948,0.101326,0.0970397,0.100001,0.103846,0.100074,0.09866,0.1035
2005,0.097869,0.0993381,0.101787,0.104449,0.0977174,0.0997563,0.0979916,0.0982633,0.103505,0.099323
2006,0.100279,0.0995573,0.100389,0.102694,0.0968659,0.0991342,0.101946,0.0984179,0.101159,0.0995573
2007,0.0975941,0.0982444,0.0998371,0.104222,0.099155,0.100721,0.0979869,0.100191,0.104379,0.0976693
2008,0.0970291,0.097142,0.0979231,0.102988,0.0993894,0.102306,0.0978424,0.100135,0.104278,0.100966
2009,0.102564,0.0948844,0.0997827,0.0993917,0.0992263,0.10168,0.10358,0.100093,0.0970476,0.10175
2010,0.099357,0.100864,0.102123,0.10166,0.0981409,0.0995653,0.101955,0.0974683,0.0987778,0.100089
2011,0.0986229,0.0965031,0.0966306,0.109307,0.0987349,0.101523,0.0983798,0.0996334,0.10051,0.100155
2012,0.0998116,0.0955628,0.100861,0.105381,0.0997721,0.0978334,0.0987556,0.101361,0.100397,0.100265
2013,0.100295,0.0987676,0.105771,0.100706,0.0998555,0.099201,0.0977902,0.10449,0.0979782,0.0951448
2014,0.0978897,0.102305,0.101148,0.0991725,0.101839,0.0963176,0.0999365,0.10038,0.101137,0.0998747
2015,0.101193,0.0985996,0.104026,0.0946841,0.0981387,0.100028,0.102148,0.101622,0.0983149,0.101246
2016,0.099074,0.0988155,0.0970576,0.103915,0.0990873,0.101125,0.100036,0.0969429,0.103464,0.100483
2017,0.0962882,0.101409,0.0985824,0.105554,0.0971983,0.10186,0.0981185,0.0993744,0.100834,0.100781
2018,0.100256,0.0992275,0.0997727,0.099662,0.0949469,0.101873,0.102823,0.0958713,0.10193,0.103638
2019,0.10093,0.098318,0.105241,0.102009,0.0990696,0.0969191,0.100155,0.101794,0.0987558,0.0968083
2020,0.0939848,0.0999552,0.0979314,0.105597,0.0974646,0.10036,0.0952618,0.101741,0.104756,0.102948
2021,0.0975025,0.0989877,0.101098,0.099571,0.0953546,0.101486,0.102169,0.0992473,0.102677,0.101907
2022,0.0993653,0.100078,0.0989799,0.10032,0.0997567,0.0999517,0.0984563,0.100476,0.102664,0.0999511
2023,0.0982691,0.103357,0.0991624,0.0989478,0.100343,0.0981367,0.0969703,0.09806,0.10641,0.100343
2024,0.0997038,0.0988574,0.103731,0.0960758,0.100493,0.0985717,0.097516,0.101258,0.102608,0.101185
2025,0.101293,0.0972334,0.0967817,0.10094,0.0978106,0.0989669,0.100721,0.100517,0.103753,0.101984
2026,0.0972157,0.0987251,0.0958133,0.102398,0.102448,0.0998912,0.0978863,0.101941,0.10226,0.101422
2027,0.0988842,0.0966415,0.0987127,0.101457,0.101962,0.0986246,0.0995929,0.101427,0.103486,0.0992123
2028,0.101861,0.0955448,0.0959855,0.10336,0.0982176,0.101426,0.103613,0.101709,0.0991958,0.0990864
2029,0.0988217,0.0965619,0.0970221,0.103202,0.0995349,0.100979,0.0983186,0.102914,0.101475,0.101171
2030,0.0986408,0.0965634,0.0998946,0.107725,0.0991419,0.100609,0.099896,0.0979958,0.102732,0.0968013
2031,0.100735,0.0948028,0.100884,0.103387,0.0986797,0.10268,0.0983064,0.101815,0.100579,0.0981312
2032,0.099323,0.0944195,0.102659,0.0999864,0.100995,0.102323,0.0988592,0.101831,0.0988241,0.10078
2033,0.0991116,0.101383,0.0982635,0.0982689,0.102022,0.0969613,0.0986628,0.0993083,0.104563,0.101456
2034,0.0980225,0.102393,0.0992031,0.100359,0.101688,0.1002,0.0958438,0.0989565,0.102169,0.101165
2035,0.1014,0.0963432,0.100554,0.100706,0.100862,0.100015,0.102845,0.100521,0.0992489,0.097504
2036,0.0994923,0.0978836,0.0989947,0.104037,0.0983985,0.10251,0.0993555,0.0985842,0.104715,0.0960298
2037,0.103637,0.0966368,0.099647,0.102633,0.0985181,0.0982377,0.102921,0.0961415,0.101485,0.100142
2038,0.09858,0.099012,0.0982638,0.104382,0.101772,0.09997,0.0981952,0.0966741,0.104404,0.098747
2039,0.101848,0.099551,0.0993647,0.10497,0.0967091,0.0997402,0.102332,0.09632,0.0995289,0.0996369
2040,0.103167,0.095788,0.0968063,0.103564,0.0984171,0.099039,0.102498,0.0972157,0.100098,0.103406
2041,0.100307,0.0990957,0.102183,0.103113,0.0985141,0.0977574,0.101359,0.0975184,0.0982917,0.10186
2042,0.102448,0.0992473,0.0992079,0.0979012,0.101524,0.102131,0.0996245,0.096907,0.101269,0.0997404
2043,0.101773,0.0961188,0.099819,0.0987855,0.0995296,0.0996668,0.102248,0.0996907,0.100195,0.102174
2044,0.1014,0.0997472,0.0962431,0.101084,0.0985909,0.100954,0.101335,0.100638,0.103244,0.0967645
2045,0.0978709,0.0979756,0.102241,0.0979975,0.0974417,0.099223,0.103451,0.10239,0.100059,0.10135
2046,0.0983815,0.101359,0.0988356,0.104828,0.0969624,0.0996392,0.0982149,0.0987462,0.102059,0.100974
2047,0.0974934,0.0998624,0.104057,0.100702,0.0983873,0.0971908,0.0997416,0.0995088,0.100505,0.102552
2048,0.0982661,0.10085,0.102549,0.0956905,0.0996173,0.0996571,0.0998758,0.101281,0.0995726,0.102641
2049,0.097288,0.0977955,0.104812,0.100368,0.0982621,0.0997378,0.0983447,0.100143,0.101911,0.101338
2050,0.0988097,0.0972386,0.100197,0.102321,0.0970837,0.0998893,0.0975237,0.102604,0.103267,0.101066
2051,0.0983069,0.0965523,0.0963894,0.106011,0.099698,0.100581,0.103172,0.0987408,0.10112,0.0994289
2052,0.098603,0.0970476,0.097827,0.107731,0.0991104,0.102403,0.099358,0.0992889,0.101748,0.0968824
2053,0.101769,0.0971494,0.0981001,0.102704,0.100651,0.102334,0.0955547,0.100114,0.103582,0.0980421
2054,0.100712,0.095636,0.100822,0.104405,0.100068,0.100708,0.0994565,0.102121,0.0985814,0.0974911
2055,0.100327,0.099655,0.0980964,0.0971164,0.102265,0.0991202,0.0974437,0.101477,0.104658,0.099841
2056,0.10307,0.0978339,0.0998259,0.100393,0.099966,0.100729,0.101645,0.098285,0.100341,0.0979117
2057,0.0974542,0.101268,0.100162,0.10541,0.0990589,0.0982604,0.098517,0.0997918,0.100619,0.0994572
2058,0.102555,0.0962862,0.0953978,0.100818,0.0983525,0.102145,0.102927,0.100395,0.101035,0.100089
2059,0.0975991,0.0984703,0.0991599,0.103422,0.100624,0.0986393,0.0993777,0.103453,0.0991472,0.100108
2060,0.0977484,0.0988137,0.096135,0.102593,0.099336,0.0995209,0.0984844,0.102635,0.104149,0.100584
2061,0.0995114,0.0996268,0.0979068,0.0982526,0.09843,0.0983486,0.103458,0.101306,0.100001,0.103159
2062,0.100712,0.0974506,0.100193,0.102901,0.0964174,0.0987688,0.104022,0.0998619,0.100524,0.0991491
2063,0.100337,0.1007,0.0988524,0.100918,0.0997203,0.0983906,0.101477,0.0972348,0.100953,0.101417
2064,0.0971096,0.0997231,0.099821,0.103896,0.099299,0.10059,0.0988037,0.101091,0.0998305,0.099835
2065,0.100404,0.100957,0.0994812,0.102781,0.0999453,0.0988855,0.101102,0.0986308,0.0976094,0.100204
2066,0.0976875,0.101982,0.0990412,0.103646,0.100662,0.100253,0.0966322,0.0990418,0.10195,0.099104
2067,0.0967004,0.0981526,0.101785,0.101501,0.096959,0.0990509,0.0997155,0.101688,0.102411,0.102036
2068,0.0992908,0.0985315,0.100486,0.0979209,0.097042,0.100648,0.103185,0.102735,0.100173,0.099988
2069,0.099295,0.0982053,0.0988824,0.104111,0.101184,0.101557,0.0994149,0.0979913,0.100858,0.0985019
2070,0.0999652,0.0959767,0.0985847,0.101035,0.0971879,0.100106,0.105577,0.101279,0.0981648,0.102124
2071,0.0958204,0.0991557,0.100758,0.100512,0.0977548,0.100168,0.0971897,0.102191,0.105686,0.100763
2072,0.100671,0.0960841,0.099076,0.101759,0.0980361,0.100558,0.105871,0.0991943,0.0992195,0.0995307
2073,0.0982865,0.100228,0.0962511,0.102651,0.101078,0.0992956,0.0995589,0.0965967,0.105078,0.100975
2074,0.0983907,0.0994193,0.0968532,0.102445,0.100448,0.101011,0.0961815,0.102229,0.102809,0.100213
2075,0.0978097,0.0966371,0.0990897,0.106147,0.0978937,0.101567,0.0987429,0.101499,0.0990973,0.101518
2076,0.10138,0.0978419,0.0971572,0.102305,0.0985694,0.100523,0.102687,0.0956683,0.102617,0.101251
2077,0.100285,0.0994643,0.10115,0.0995081,0.0978548,0.100548,0.0997833,0.0984947,0.102972,0.0999412
2078,0.100608,0.0964795,0.0973598,0.104638,0.0987059,0.099695,0.101352,0.0998491,0.100276,0.101037
2079,0.0986373,0.0970917,0.100834,0.0955653,0.100029,0.100778,0.100228,0.101415,0.104073,0.101349
2080,0.101526,0.09878,0.103025,0.105487,0.098526,0.0984891,0.0985014,0.0991326,0.0976821,0.0988511
2081,0.0986038,0.101989,0.0987985,0.101304,0.0998036,0.0995847,0.0980981,0.101996,0.100484,0.0993383
2082,0.0983016,0.0991687,0.100932,0.100269,0.0973659,0.0996464,0.0998032,0.101295,0.10267,0.100547
2083,0.0988578,0.0973941,0.100923,0.105793,0.0980167,0.100453,0.100031,0.101972,0.0987076,0.0978522
2084,0.0974595,0.0973327,0.102712,0.102598,0.0997367,0.0977759,0.0988346,0.0997158,0.102066,0.101768
2085,0.100458,0.101183,0.0968433,0.0991861,0.105923,0.100229,0.0983236,0.0988639,0.102245,0.0967453
2086,0.0994626,0.0976293,0.102533,0.103502,0.0973919,0.0998816,0.0981097,0.103231,0.0993927,0.0988663
2087,0.100696,0.0973018,0.0980923,0.101399,0.0962613,0.101431,0.102978,0.101048,0.0992045,0.101589
2088,0.0994595,0.100563,0.0975488,0.102175,0.0994125,0.0992346,0.0987913,0.0992072,0.104339,0.0992695
2089,0.0974581,0.0981437,0.10266,0.0975255,0.100844,0.0971602,0.0992808,0.104051,0.10424,0.098636
2090,0.09996,0.0988873,0.102218,0.0997264,0.10097,0.0980343,0.0970893,0.102843,0.100581,0.0996915
2091,0.0987078,0.100113,0.10522,0.095306,0.0984307,0.0991751,0.101082,0.100306,0.10015,0.10151
2092,0.100312,0.0981172,0.09982,0.103052,0.101866,0.0993035,0.0970218,0.101225,0.101753,0.0975298
2093,0.102136,0.102027,0.0992549,0.101566,0.0965723,0.100061,0.100375,0.0978039,0.10092,0.0992844
2094,0.0988299,0.0994133,0.0958302,0.104528,0.0994736,0.100576,0.095848,0.10078,0.10606,0.0986613
2095,0.0984052,0.0982022,0.0984594,0.10221,0.099488,0.0996074,0.0997125,0.103463,0.100642,0.0998105
2096,0.0976086,0.101787,0.100239,0.101444,0.10064,0.0989787,0.0992681,0.101129,0.0986982,0.100207
2097,0.0972448,0.0972428,0.0971621,0.105428,0.0993403,0.0995677,0.103081,0.0997956,0.099317,0.101821
2098,0.101908,0.0958935,0.102075,0.100305,0.0996721,0.100153,0.101923,0.10034,0.0976765,0.100054
2099,0.0995922,0.0984241,0.100599,0.101274,0.101474,0.0995316,0.0971175,0.102751,0.0998313,0.0994043
2100,0.0987296,0.0977957,0.0992728,0.101489,0.0971354,0.10379,0.100675,0.100709,0.100933,0.0994699
2101,0.0999096,0.100433,0.098811,0.102401,0.098218,0.0975092,0.102502,0.101704,0.0980782,0.100433
2102,0.100533,0.099008,0.101742,0.0985634,0.0974677,0.0998996,0.101343,0.0993457,0.10102,0.101076
2103,0.0968668,0.0999748,0.101832,0.0978174,0.103203,0.0986072,0.0968847,0.104266,0.100206,0.100343
2104,0.0977669,0.0996001,0.103913,0.0989921,0.0963103,0.0982536,0.10221,0.104135,0.0963082,0.102511
2105,0.104945,0.0968688,0.0951989,0.102122,0.0993226,0.100585,0.101657,0.0988446,0.10197,0.0984873
2106,0.0977839,0.0980617,0.0976576,0.102543,0.0986534,0.102741,0.0976999,0.100298,0.105752,0.0988097
2107,0.0992389,0.0976092,0.10264,0.103413,0.0973201,0.0993974,0.101189,0.100545,0.0971634,0.101483
2108,0.100051,0.097436,0.101194,0.102101,0.100021,0.0994842,0.097027,0.102732,0.101846,0.0981073
2109,0.0966879,0.102592,0.102471,0.0988568,0.0990583,0.0986408,0.0998327,0.0968693,0.10217,0.102822
2110,0.100642,0.0977666,0.0987902,0.0975985,0.0987326,0.0998116,0.103085,0.100329,0.103185,0.100059
2111,0.100078,0.098715,0.102968,0.105083,0.0970209,0.0965136,0.101239,0.101098,0.0973735,0.0999103
2112,0.100278,0.100651,0.100854,0.0989428,0.0990072,0.0992748,0.101497,0.0977861,0.101267,0.100441
2113,0.103041,0.0968089,0.103939,0.0986292,0.0979606,0.100406,0.103092,0.100018,0.095147,0.100958
2114,0.098916,0.100106,0.101072,0.103444,0.0983795,0.0994583,0.0990613,0.101237,0.0999631,0.0983627
2115,0.0975757,0.098592,0.101333,0.0998664,0.0970945,0.100841,0.100483,0.102124,0.0981139,0.103976
2116,0.102529,0.0977111,0.100215,0.0992577,0.0998076,0.101215,0.100217,0.0996134,0.101294,0.0981394
2117,0.0999371,0.0966771,0.104605,0.101739,0.0965548,0.0996043,0.100322,0.10277,0.0993446,0.0984467
2118,0.100974,0.10069,0.100957,0.102102,0.0987833,0.0983301,0.100283,0.099312,0.100886,0.0976832
2119,0.101443,0.096715,0.0993653,0.100742,0.101094,0.101441,0.100135,0.100697,0.097857,0.100511
2120,0.0957852,0.100651,0.100096,0.100806,0.0979681,0.0997614,0.101937,0.0995802,0.101832,0.101585
2121,0.100133,0.0984173,0.101583,0.101647,0.099574,0.0986917,0.0998866,0.10147,0.0989918,0.0996054
2122,0.0975788,0.102856,0.10012,0.0986442,0.100407,0.101626,0.0973531,0.0992889,0.101754,0.100372
2123,0.0969725,0.0989157,0.0974787,0.102406,0.101105,0.0996013,0.0983322,0.102688,0.100556,0.101944
2124,0.0983463,0.0995541,0.0990538,0.0995825,0.0990029,0.100995,0.09907,0.0982071,0.104465,0.101724
2125,0.101167,0.100919,0.0978116,0.0997357,0.099789,0.100887,0.101988,0.0974124,0.100491,0.0998002
2126,0.0986886,0.0977548,0.100982,0.102009,0.0978703,0.099544,0.102009,0.0997936,0.100292,0.101057
2127,0.100791,0.097336,0.101307,0.0993454,0.0996966,0.0999827,0.104304,0.0983124,0.0980672,0.100858
2128,0.10123,0.100047,0.100223,0.0982719,0.0983671,0.099006,0.100916,0.0976652,0.103121,0.101152
2129,0.102939,0.0960922,0.103374,0.0978765,0.098496,0.0987378,0.103124,0.099516,0.0994234,0.100421
2130,0.0978231,0.10159,0.103172,0.0958391,0.0988754,0.0979264,0.0993365,0.101815,0.1003,0.103322
2131,0.0961934,0.100234,0.0949921,0.107327,0.100097,0.101281,0.0962512,0.0997439,0.103938,0.0999417
2132,0.100599,0.100631,0.0980285,0.104553,0.0967155,0.0995802,0.100164,0.0995996,0.100984,0.0991451
2133,0.0981633,0.100486,0.0979307,0.102825,0.101815,0.0976843,0.0995175,0.0985951,0.102986,0.0999978
2134,0.100281,0.0990001,0.0964865,0.103927,0.0965131,0.098185,0.103425,0.0990493,0.102689,0.100444
2135,0.099451,0.0963911,0.100556,0.10304,0.0963624,0.100128,0.10264,0.0994385,0.101064,0.100929
2136,0.101448,0.0959912,0.0976219,0.1082,0.0963636,0.102011,0.100438,0.097514,0.101224,0.0991901
2137,0.0987791,0.0963144,0.0969804,0.10648,0.097177,0.101409,0.100145,0.0994475,0.102656,0.100613
2138,0.104747,0.0972634,0.101953,0.0977983,0.0979956,0.0992512,0.100532,0.100956,0.100725,0.0987785
2139,0.0987004,0.100613,0.10287,0.101883,0.0986655,0.099259,0.097759,0.0979337,0.103296,0.0990205
2140,0.0983144,0.0990927,0.102182,0.102343,0.0980737,0.0999766,0.101412,0.0993416,0.0963346,0.102929
2141,0.0963396,0.096735,0.098243,0.101831,0.0989877,0.101933,0.0977853,0.102257,0.105366,0.100523
2142,0.0997061,0.10001,0.0964614,0.0998657,0.0996791,0.101787,0.101812,0.0962186,0.103226,0.101234
2143,0.0973353,0.0976655,0.0998705,0.103673,0.0999846,0.0997124,0.0949147,0.10402,0.103402,0.099421
2144,0.100687,0.0979003,0.099625,0.100832,0.0963521,0.103413,0.100202,0.0997377,0.101443,0.0998083
2145,0.100267,0.0975977,0.0970175,0.105013,0.102017,0.0985116,0.0951122,0.100177,0.103196,0.101091
2146,0.0998861,0.0983772,0.0997471,0.102029,0.100301,0.102453,0.0980698,0.0966832,0.103466,0.0989873
2147,0.102862,0.0970753,0.0983894,0.0983777,0.0976326,0.10163,0.106794,0.0992585,0.0963145,0.101666
2148,0.0976185,0.0974904,0.100908,0.103473,0.100986,0.100569,0.0947429,0.10101,0.103449,0.0997532
2149,0.099556,0.0986857,0.0982006,0.103497,0.0995736,0.0981643,0.102274,0.0986044,0.100109,0.101335
2150,0.0969148,0.099076,0.100465,0.0999436,0.0970717,0.100184,0.0997522,0.100959,0.104789,0.100845
2151,0.100454,0.0990553,0.0965638,0.104248,0.0986917,0.0992486,0.0998312,0.0987891,0.103288,0.0998301
2152,0.0979546,0.100704,0.0988741,0.0990656,0.101555,0.0990421,0.0975002,0.0997253,0.105094,0.100485
2153,0.0984508,0.0996425,0.100999,0.0973354,0.0993636,0.0995007,0.100058,0.0993492,0.103242,0.102059
2154,0.098607,0.0994062,0.102529,0.103696,0.0967735,0.0998133,0.0998513,0.0988384,0.100279,0.100206
2155,0.0981887,0.100354,0.100818,0.100216,0.0994251,0.0999345,0.0995794,0.0994366,0.10261,0.099438
2156,0.101638,0.100761,0.0984939,0.0982511,0.0991872,0.101053,0.0993156,0.0967021,0.107014,0.0975843
2157,0.102127,0.10106,0.0978054,0.102718,0.100141,0.100723,0.0979924,0.0991305,0.102046,0.0962569
2158,0.101046,0.0952283,0.0965756,0.101738,0.10008,0.102661,0.102326,0.0981004,0.103699,0.0985442
2159,0.0997495,0.0984811,0.0966338,0.101267,0.102197,0.101942,0.0971338,0.0978387,0.107691,0.0970653
2160,0.0999826,0.100421,0.10034,0.0980109,0.0984128,0.0974018,0.103235,0.101152,0.0981383,0.102907
2161,0.0984415,0.0973022,0.0984747,0.0993573,0.0959519,0.104582,0.101485,0.0983051,0.104106,0.101995
2162,0.100535,0.102005,0.101568,0.0986811,0.100749,0.0988595,0.10048,0.097296,0.101927,0.0978988
2163,0.0970501,0.0998023,0.103468,0.0972612,0.0977454,0.0997207,0.100642,0.102706,0.101144,0.10046
2164,0.0996064,0.100699,0.0973824,0.0974069,0.0995928,0.0997056,0.102815,0.100088,0.101026,0.101678
2165,0.0984362,0.100644,0.0993363,0.105914,0.0994391,0.099064,0.0957,0.0995862,0.10256,0.0993194
2166,0.101296,0.098946,0.100743,0.0988216,0.10134,0.099371,0.098872,0.100139,0.102146,0.0983265
2167,0.0981084,0.101263,0.0991218,0.0986366,0.102111,0.0990683,0.0982053,0.0981055,0.102582,0.102799
2168,0.0970924,0.0991303,0.102833,0.101501,0.101155,0.0996726,0.0943963,0.102002,0.101314,0.100903
2169,0.0965705,0.0991676,0.0994119,0.101438,0.100334,0.09775,0.0981908,0.101522,0.103586,0.10203
2170,0.0993403,0.101376,0.0999442,0.097521,0.0959584,0.099396,0.103647,0.0992149,0.101556,0.102046
2171,0.102354,0.0989383,0.0958583,0.100154,0.101124,0.102065,0.101119,0.0955667,0.104527,0.0982942
2172,0.0999675,0.0980314,0.100386,0.0966588,0.1009,0.0972524,0.0997884,0.101702,0.103828,0.101485
2173,0.0988259,0.0991138,0.0972639,0.10202,0.0974305,0.10138,0.100369,0.0990666,0.104254,0.100275
2174,0.099549,0.097347,0.0968544,0.101413,0.0985068,0.101838,0.101329,0.100034,0.101872,0.101257
2175,0.101387,0.0950397,0.100221,0.103728,0.0995115,0.0997425,0.0995604,0.102318,0.0984721,0.10002
2176,0.0969507,0.0968321,0.098535,0.102538,0.100169,0.0994434,0.0995725,0.10312,0.100137,0.102702
2177,0.100117,0.0963612,0.0973912,0.103207,0.100752,0.0995226,0.100459,0.0975402,0.102695,0.101955
2178,0.0963912,0.100129,0.0990036,0.100246,0.0997652,0.0990196,0.0986078,0.102001,0.102065,0.102771
2179,0.0966835,0.0986735,0.100239,0.099247,0.0977715,0.102029,0.100442,0.103391,0.0990566,0.102467
2180,0.0990376,0.0966666,0.101455,0.101996,0.100723,0.100521,0.0955465,0.0999257,0.105351,0.0987772
2181,0.0972634,0.0996347,0.101867,0.103064,0.0988464,0.0995323,0.0967361,0.104213,0.0982777,0.100566
2182,0.103657,0.0980961,0.10118,0.101039,0.0973798,0.100756,0.10016,0.0977314,0.102646,0.0973539
2183,0.0985373,0.0976042,0.100959,0.103139,0.0976854,0.100066,0.0987977,0.101405,0.102445,0.0993614
2184,0.101581,0.098337,0.103921,0.100468,0.0942434,0.0993717,0.104767,0.0991235,0.0995079,0.0986796
2185,0.0978381,0.0991449,0.0998262,0.0976332,0.0997612,0.0989498,0.102755,0.101966,0.100298,0.101827
2186,0.101554,0.0969061,0.0983554,0.100605,0.098515,0.101119,0.101586,0.10084,0.0976559,0.102865
2187,0.105631,0.0992007,0.102074,0.101039,0.0968971,0.0970856,0.104017,0.0980759,0.0967074,0.099271
2188,0.102416,0.0957994,0.104063,0.0984577,0.102556,0.0994635,0.099024,0.102225,0.0977781,0.0982168
2189,0.100216,0.102291,0.0972369,0.0983147,0.0987364,0.0989588,0.0997987,0.0992221,0.101984,0.10324
2190,0.100165,0.0967966,0.099749,0.100064,0.0965817,0.0991023,0.103151,0.100668,0.103047,0.100675
2191,0.100753,0.0991937,0.103107,0.0968855,0.0998789,0.0977214,0.10336,0.0995147,0.0972856,0.1023
2192,0.0965517,0.0996906,0.102641,0.101144,0.0980112,0.0976294,0.100598,0.101677,0.0987967,0.10326
2193,0.09743,0.0991002,0.100266,0.10327,0.100664,0.0988133,0.0950731,0.101303,0.102115,0.101966
2194,0.101278,0.101053,0.0998374,0.102599,0.0949217,0.0998257,0.103947,0.0980997,0.0974037,0.101035
2195,0.0997657,0.0980606,0.104638,0.104118,0.0964895,0.0991502,0.100857,0.101336,0.0969837,0.098602
2196,0.100437,0.0995795,0.103781,0.102034,0.0980472,0.0998346,0.0982415,0.0999997,0.0984084,0.0996368
2197,0.0998676,0.0996542,0.0987135,0.102018,0.0980974,0.097937,0.101698,0.0995877,0.103106,0.0993199
2198,0.0979537,0.101841,0.100617,0.0985606,0.10106,0.0978657,0.0980804,0.0985544,0.104332,0.101136
2199,0.0986903,0.0996973,0.101125,0.0999664,0.0977484,0.100343,0.097487,0.102763,0.101441,0.100739
2200,0.100474,0.100029,0.101353,0.100594,0.100707,0.0998227,0.0984152,0.100519,0.0987147,0.099371
2201,0.0965265,0.0987143,0.101507,0.0999444,0.101331,0.0973624,0.0968771,0.104595,0.101667,0.101475
2202,0.0990989,0.0992972,0.0992505,0.103611,0.0955729,0.0996009,0.101723,0.102455,0.099664,0.0997256
2203,0.100313,0.0973305,0.0980424,0.100653,0.0968385,0.10019,0.105146,0.0977279,0.100248,0.103512
2204,0.0983071,0.0991888,0.101651,0.101628,0.0991745,0.100011,0.100876,0.0989748,0.100782,0.0994071
2205,0.0989231,0.0986388,0.103716,0.100678,0.0977461,0.099387,0.097753,0.103534,0.100256,0.0993673
2206,0.101444,0.0990408,0.101143,0.100638,0.101997,0.099669,0.0986139,0.098642,0.0994515,0.0993615
2207,0.099971,0.0975605,0.100432,0.0981018,0.0970413,0.0999113,0.10263,0.103868,0.0996919,0.100791
2208,0.0978935,0.0978564,0.10187,0.100298,0.098383,0.0968997,0.102489,0.102031,0.100621,0.101659
2209,0.0991099,0.100516,0.101239,0.0990889,0.0992338,0.0985562,0.100486,0.0982635,0.103016,0.100491
2210,0.0993279,0.100925,0.0965906,0.0977336,0.100812,0.0997949,0.10228,0.1011,0.0999655,0.10147
2211,0.0989975,0.0948908,0.0975598,0.107194,0.0997573,0.102357,0.095855,0.101314,0.102878,0.0991961
2212,0.102424,0.095917,0.101099,0.10245,0.0954867,0.100631,0.102394,0.100411,0.0990081,0.10018
2213,0.0995691,0.0997986,0.100522,0.100824,0.0992948,0.0985282,0.100652,0.102785,0.0985625,0.0994632
2214,0.0998756,0.098818,0.0993894,0.100851,0.0991279,0.0974364,0.100459,0.103222,0.100176,0.100645
2215,0.104368,0.0984635,0.100426,0.10102,0.0991168,0.0993798,0.103011,0.0976277,0.0975909,0.0989966
2216,0.0994922,0.0959553,0.0993901,0.104365,0.0988008,0.0980481,0.101063,0.100542,0.100542,0.101802
2217,0.0963394,0.0994564,0.101184,0.101125,0.0972134,0.100989,0.0996035,0.0999987,0.103507,0.100584
2218,0.0976085,0.0979226,0.096511,0.101402,0.101215,0.10146,0.0969315,0.0995694,0.107839,0.0995414
2219,0.0980757,0.10066,0.101774,0.10226,0.0982207,0.0982205,0.0986596,0.100216,0.102077,0.0998358
2220,0.102516,0.0984895,0.0995937,0.10205,0.0973608,0.0993458,0.103022,0.0977325,0.10032,0.0995698
2221,0.0994487,0.0998028,0.0993828,0.100857,0.0984382,0.0995917,0.0987091,0.0993003,0.104689,0.0997809
2222,0.099949,0.0967811,0.0998679,0.102053,0.0997632,0.0985575,0.0992856,0.0987116,0.103851,0.10118
2223,0.0993445,0.0978417,0.0988637,0.1046,0.0963112,0.102704,0.0972588,0.0993658,0.103569,0.100141
2224,0.0981186,0.0967876,0.102707,0.100608,0.0984479,0.102094,0.101922,0.103394,0.0968117,0.0991098
2225,0.100112,0.0977049,0.0997763,0.100209,0.101977,0.100784,0.0970799,0.0997369,0.102433,0.100188
2226,0.100799,0.0996805,0.0969488,0.101893,0.0997321,0.100213,0.0998294,0.0977302,0.102285,0.10089
2227,0.0977348,0.0978817,0.101025,0.103567,0.0953016,0.101212,0.0994464,0.0997174,0.103046,0.101068
2228,0.0972117,0.0981904,0.101251,0.101705,0.100058,0.0978477,0.0987461,0.104723,0.0999257,0.100341
2229,0.10089,0.0983961,0.104374,0.101463,0.0957325,0.0996746,0.101543,0.100848,0.0984645,0.0986141
2230,0.10279,0.0974953,0.0968973,0.100755,0.102013,0.0987577,0.101689,0.0991975,0.0991123,0.101292
2231,0.100089,0.0982684,0.09515,0.104996,0.100288,0.100841,0.101285,0.0994405,0.100834,0.0988086
2232,0.100646,0.100911,0.0976301,0.100125,0.0970278,0.100344,0.103142,0.0984358,0.102354,0.0993834
2233,0.0974807,0.0965607,0.0975454,0.101113,0.101078,0.102134,0.0994684,0.100829,0.101691,0.102099
2234,0.0958603,0.0989263,0.103579,0.101705,0.0961021,0.100075,0.099229,0.101884,0.100936,0.101704
2235,0.0988687,0.0968633,0.0978618,0.0992606,0.102064,0.0996069,0.0990863,0.0996544,0.103481,0.103253
2236,0.101311,0.099171,0.10063,0.0989292,0.095475,0.102175,0.101338,0.100146,0.100402,0.100423
2237,0.0962928,0.09968,0.0999309,0.101598,0.10058,0.0975351,0.0972679,0.103008,0.101795,0.102312
2238,0.0976328,0.101817,0.104387,0.0975905,0.0979942,0.0990708,0.0992852,0.102149,0.100622,0.0994513
2239,0.100687,0.0971383,0.0994321,0.103835,0.0988361,0.101062,0.0968268,0.0995579,0.102208,0.100416
2240,0.099357,0.0976945,0.0993992,0.103794,0.0996563,0.0996722,0.096189,0.103325,0.105325,0.0955872
2241,0.0974133,0.0986858,0.0997465,0.105381,0.0974368,0.100687,0.0970224,0.101222,0.102311,0.100093
2242,0.100424,0.0991098,0.094732,0.101449,0.100944,0.10104,0.0981377,0.0974625,0.106629,0.100072
2243,0.0977479,0.0954098,0.099992,0.106135,0.0975585,0.100471,0.100422,0.103169,0.0977478,0.101348
2244,0.09738,0.0978097,0.101538,0.0991861,0.0982132,0.0998341,0.101816,0.103068,0.100179,0.100976
2245,0.0995777,0.0984304,0.102559,0.0992533,0.0958908,0.0986114,0.103501,0.0996657,0.100681,0.10183
2246,0.0967279,0.102231,0.10085,0.0998577,0.101592,0.0972298,0.0958716,0.102808,0.10107,0.101761
2247,0.100076,0.100516,0.101651,0.0971383,0.0979321,0.0977447,0.100736,0.100005,0.101793,0.102409
2248,0.102929,0.0942403,0.101272,0.103448,0.0985139,0.101929,0.101135,0.0976841,0.099312,0.0995366
2249,0.0992821,0.0960262,0.100682,0.100783,0.098443,0.100926,0.0976311,0.102065,0.102144,0.102016
2250,0.0993319,0.101139,0.100427,0.09981,0.100788,0.0964636,0.0987925,0.100017,0.103252,0.0999799
2251,0.0991515,0.0972743,0.101394,0.0953733,0.0999774,0.0999472,0.101902,0.102214,0.101132,0.101635
2252,0.0996688,0.0971952,0.103994,0.101676,0.0961756,0.0987839,0.10263,0.100494,0.099065,0.100318
2253,0.100473,0.0987506,0.0980744,0.101317,0.0997333,0.0984182,0.103118,0.100178,0.0996224,0.100315
2254,0.0973961,0.0972459,0.1011,0.100048,0.100911,0.101232,0.0971083,0.100308,0.10486,0.0997893
2255,0.0966604,0.0973648,0.0980792,0.10689,0.097242,0.102281,0.0994305,0.100539,0.100882,0.10063
2256,0.0977794,0.0968649,0.0960671,0.10437,0.101372,0.101699,0.0990267,0.100787,0.102987,0.0990462
2257,0.101058,0.099297,0.101293,0.0993903,0.0979216,0.09929,0.101063,0.10013,0.0991437,0.101414
2258,0.0991704,0.0969566,0.09873,0.101628,0.105635,0.0972538,0.0963789,0.103398,0.101174,0.0996749
2259,0.0980552,0.0979871,0.0974707,0.107125,0.101895,0.102091,0.0950352,0.0978144,0.103366,0.0991604
2260,0.104311,0.0976714,0.10068,0.100669,0.0976184,0.101145,0.104505,0.0970407,0.0966626,0.0996981
2261,0.101276,0.0983913,0.0987594,0.101824,0.100452,0.0993957,0.103876,0.0967503,0.100493,0.0987835
2262,0.101141,0.100548,0.0998962,0.0968989,0.0968273,0.0995347,0.105213,0.0973355,0.0996622,0.102943
2263,0.101234,0.098182,0.0960413,0.101347,0.0993174,0.102287,0.099463,0.0992687,0.102823,0.100035
2264,0.0974307,0.0975219,0.103108,0.100599,0.096521,0.101728,0.101898,0.100519,0.0995755,0.101101
2265,0.100262,0.0978442,0.0956543,0.103568,0.10183,0.0984991,0.0995153,0.0984757,0.103457,0.100894
2266,0.104346,0.0954933,0.101714,0.100641,0.0958936,0.100291,0.106619,0.0973484,0.0979312,0.0997228
2267,0.0975619,0.0958325,0.0970274,0.108493,0.0966403,0.102165,0.0996723,0.101502,0.100201,0.100904
2268,0.102029,0.0957932,0.0979267,0.107146,0.0975686,0.102556,0.098907,0.0979631,0.100761,0.09935
2269,0.0959558,0.0966283,0.101958,0.100308,0.0966931,0.101513,0.101611,0.101884,0.102802,0.100647
2270,0.099208,0.0998881,0.100414,0.105436,0.0981682,0.0988957,0.0986608,0.100514,0.0991385,0.0996765
2271,0.100883,0.100728,0.0997033,0.0945036,0.101429,0.0991592,0.101071,0.097866,0.10251,0.102146
2272,0.0997834,0.104507,0.0981489,0.0980387,0.10133,0.0972319,0.0994666,0.0969752,0.103159,0.101359
2273,0.100373,0.0997993,0.100005,0.100291,0.0979478,0.097375,0.102536,0.0978419,0.100684,0.103148
2274,0.101247,0.0993529,0.0966065,0.0978859,0.102096,0.101735,0.101034,0.0961658,0.104607,0.0992697
2275,0.097997,0.0995202,0.0967814,0.100709,0.0989422,0.0987759,0.0999324,0.099535,0.106173,0.101634
2276,0.101616,0.0967705,0.0986887,0.102535,0.0999739,0.101355,0.100193,0.101799,0.0997483,0.0973204
2277,0.0990306,0.104137,0.0994243,0.0974702,0.0979968,0.0975518,0.102492,0.0978879,0.100578,0.103432
2278,0.0992581,0.0963267,0.099446,0.103177,0.0998338,0.102307,0.097481,0.100309,0.10028,0.101582
2279,0.103466,0.0986116,0.0985189,0.101629,0.0937898,0.100733,0.103439,0.0986557,0.101241,0.0999166
2280,0.0981347,0.0993367,0.0997988,0.101152,0.0994029,0.100771,0.100395,0.099271,0.101553,0.100185
2281,0.0966302,0.101684,0.0979284,0.100795,0.0987617,0.099946,0.0995681,0.0997603,0.104917,0.10001
2282,0.100466,0.0973287,0.101873,0.101018,0.097969,0.0986838,0.0997779,0.104048,0.0986257,0.100209
2283,0.100811,0.0983487,0.100746,0.0964973,0.098977,0.0991486,0.100595,0.098459,0.102122,0.104295
2284,0.0964875,0.101009,0.101707,0.102186,0.100301,0.0968476,0.100325,0.100603,0.0985369,0.101996
2285,0.0967007,0.0963201,0.0983185,0.10321,0.0965519,0.102106,0.104318,0.101134,0.0988302,0.102511
2286,0.0990048,0.100074,0.0979402,0.105836,0.0964737,0.101159,0.099661,0.0999878,0.10086,0.0990036
2287,0.100179,0.101027,0.0994281,0.102687,0.0986422,0.0969199,0.100496,0.101959,0.0994139,0.0992478
2288,0.100798,0.0969294,0.0981862,0.100587,0.101975,0.10001,0.0996369,0.0998103,0.100194,0.101873
2289,0.0995506,0.0978998,0.0998301,0.098858,0.100521,0.101304,0.0986098,0.0989412,0.104799,0.0996865
2290,0.10024,0.0970936,0.103752,0.0997717,0.100825,0.0976442,0.0998628,0.102495,0.099518,0.0987982
2291,0.10161,0.0978802,0.0992341,0.100263,0.0996735,0.0994626,0.0996639,0.100668,0.103336,0.0982088
2292,0.0992584,0.0973852,0.101645,0.101356,0.0960527,0.10156,0.099497,0.100044,0.104056,0.0991455
2293,0.100534,0.098926,0.102656,0.100514,0.0980335,0.0980819,0.10115,0.103067,0.0985206,0.0985178
2294,0.0994321,0.0985741,0.10053,0.0994885,0.0982665,0.101428,0.100492,0.103,0.0984711,0.100318
2295,0.101741,0.0954129,0.102189,0.0969887,0.099605,0.100721,0.101317,0.102609,0.0997862,0.0996303
2296,0.100303,0.0993269,0.0981199,0.099721,0.0973796,0.100256,0.100914,0.0998531,0.10278,0.101347
2297,0.0989462,0.0988186,0.103443,0.102819,0.0971244,0.0988684,0.0999728,0.101993,0.0968045,0.10121
2298,0.102233,0.10023,0.0982796,0.100525,0.101963,0.0989333,0.100774,0.0969687,0.0989422,0.101152
2299,0.0987568,0.0951845,0.10063,0.102028,0.0966554,0.102387,0.101115,0.102936,0.099443,0.100864
2300,0.101961,0.0958963,0.100137,0.108479,0.0979562,0.10101,0.0981844,0.0974652,0.101443,0.0974675
2301,0.101883,0.101725,0.100355,0.0994153,0.0987184,0.0974852,0.099651,0.100716,0.100074,0.0999773
2302,0.0989739,0.100257,0.101362,0.101951,0.102531,0.0988741,0.0981845,0.0957509,0.102327,0.0997884
2303,0.10056,0.098918,0.0992753,0.0993761,0.097273,0.098771,0.104845,0.100214,0.0982514,0.102516
2304,0.0987923,0.0986044,0.0995,0.0999313,0.100588,0.0984822,0.0976375,0.100645,0.103464,0.102356
2305,0.0990714,0.0965204,0.0960073,0.100949,0.0986288,0.101902,0.102863,0.100685,0.102988,0.100386
2306,0.102318,0.100135,0.101506,0.100436,0.0949498,0.0991208,0.10505,0.0983248,0.0980604,0.100099
2307,0.0994365,0.10005,0.0994536,0.097238,0.100177,0.101118,0.0997669,0.100559,0.102617,0.0995839
2308,0.100314,0.0985229,0.0997418,0.100449,0.095944,0.100492,0.105876,0.0969671,0.0996925,0.102001
2309,0.0971314,0.0989616,0.0971212,0.105026,0.0968468,0.100246,0.0979441,0.101294,0.104974,0.100455
2310,0.0984389,0.0986037,0.0988103,0.0956422,0.0989602,0.101512,0.102645,0.1031,0.101345,0.100943
2311,0.100867,0.0980206,0.101616,0.103245,0.0982578,0.101256,0.102761,0.0990177,0.0954848,0.0994735
2312,0.100551,0.0991512,0.0990592,0.106957,0.0999118,0.0978544,0.0996953,0.0997034,0.0976008,0.0995162
2313,0.0985671,0.103733,0.0977185,0.101891,0.0981989,0.100118,0.098895,0.0997969,0.101009,0.100072
2314,0.101055,0.0971899,0.100778,0.103146,0.10088,0.0976344,0.096646,0.101469,0.100969,0.100232
2315,0.101867,0.100599,0.0960403,0.0980623,0.0986758,0.101594,0.102991,0.0974664,0.102559,0.100144
2316,0.101629,0.0980508,0.101884,0.102987,0.0955792,0.099757,0.101035,0.10036,0.0986377,0.100081
2317,0.098862,0.0992627,0.101353,0.103535,0.102151,0.0990486,0.0970674,0.09904,0.0991168,0.100564
2318,0.100395,0.0967856,0.100948,0.102246,0.0970701,0.0994491,0.102841,0.100727,0.0997887,0.0997504
2319,0.103753,0.0986867,0.0986301,0.101252,0.100054,0.101833,0.101237,0.0996711,0.0980025,0.0968804
2320,0.0982844,0.100647,0.100165,0.0980533,0.103543,0.100141,0.0969725,0.101053,0.103217,0.0979228
2321,0.102073,0.0979326,0.097145,0.0991827,0.100225,0.100497,0.103877,0.0995163,0.0995613,0.0999898
2322,0.101552,0.0970455,0.0993242,0.10149,0.101826,0.0989524,0.104052,0.0980828,0.0982086,0.0994663
2323,0.0987277,0.100804,0.0996338,0.102473,0.0970423,0.0995334,0.102157,0.099389,0.101472,0.0987671
2324,0.0969005,0.0988724,0.0993765,0.104031,0.0999789,0.0989143,0.100119,0.0989334,0.101279,0.101595
2325,0.0985778,0.0971654,0.0976969,0.0998704,0.0998681,0.100893,0.0991696,0.0999739,0.105507,0.101278
2326,0.0965645,0.0979777,0.100791,0.101578,0.100163,0.100365,0.0988442,0.101099,0.101224,0.101394
2327,0.0999909,0.0990759,0.102611,0.100837,0.0950114,0.100721,0.102714,0.0995937,0.0992193,0.100225
2328,0.096171,0.0980084,0.0976776,0.104881,0.10098,0.0988605,0.0998353,0.101683,0.0983901,0.103513
2329,0.0976775,0.0995194,0.096241,0.100645,0.103593,0.0994535,0.0953698,0.10073,0.105357,0.101413
2330,0.0980673,0.0956098,0.0985539,0.0995298,0.0984228,0.102409,0.10351,0.100909,0.100311,0.102677
2331,0.0996855,0.0961768,0.0973322,0.099215,0.100272,0.102225,0.0991054,0.100868,0.104197,0.100922
2332,0.101443,0.0981784,0.100648,0.102748,0.0956205,0.101282,0.103073,0.0988995,0.0990019,0.0991052
2333,0.0977537,0.102688,0.103343,0.0988864,0.0974341,0.0987654,0.101049,0.0979832,0.0987357,0.103362
2334,0.101519,0.100044,0.0985779,0.099697,0.0991563,0.100435,0.103705,0.0967376,0.0985943,0.101534
2335,0.0989845,0.100287,0.102329,0.0983741,0.100379,0.0999546,0.0983036,0.10037,0.101237,0.0997818
2336,0.101148,0.0982064,0.0991532,0.100306,0.0956806,0.0993428,0.10536,0.0999312,0.0979334,0.102938
2337,0.100939,0.100035,0.0985386,0.0978205,0.103376,0.0981814,0.0977244,0.100255,0.103123,0.100008
2338,0.0976829,0.101718,0.0985295,0.0986923,0.0988132,0.100635,0.0970053,0.0986008,0.108667,0.0996556
2339,0.10091,0.0981684,0.0990533,0.101589,0.0976857,0.0990262,0.104118,0.0997253,0.0976304,0.102094
2340,0.0997213,0.097835,0.0996191,0.101546,0.0983558,0.100033,0.103066,0.0990428,0.0981849,0.102596
2341,0.0976624,0.101554,0.102587,0.0994082,0.0989816,0.10012,0.0998857,0.0983429,0.0998446,0.101613
2342,0.10177,0.0989645,0.0980481,0.104235,0.0983733,0.0992478,0.100877,0.0956819,0.104122,0.0986804
2343,0.0994658,0.0981637,0.0961516,0.102666,0.100447,0.100868,0.103082,0.0975492,0.102837,0.0987701
2344,0.0985761,0.0974291,0.100178,0.0989878,0.0973088,0.100233,0.103805,0.102452,0.100234,0.100796
2345,0.103759,0.0975827,0.0966573,0.100309,0.09845,0.100929,0.104881,0.0977732,0.098784,0.100876
2346,0.100513,0.0982318,0.0986888,0.0977056,0.100212,0.102662,0.102446,0.0991027,0.10022,0.100219
2347,0.097176,0.0979411,0.0990788,0.0990418,0.100734,0.100356,0.100195,0.102214,0.102013,0.10125
2348,0.0980205,0.09829,0.10276,0.0985389,0.0961851,0.0991697,0.101713,0.101598,0.0998833,0.103841
2349,0.100371,0.0979524,0.0985705,0.0985511,0.102645,0.100109,0.0983975,0.102158,0.100615,0.100631
2350,0.101338,0.0972805,0.100107,0.0982359,0.10024,0.102391,0.0982207,0.0987616,0.104247,0.0991785
2351,0.100201,0.0982463,0.101565,0.0985194,0.10132,0.0993873,0.0969304,0.10038,0.102408,0.101043
2352,0.098265,0.0992261,0.101391,0.102501,0.0952077,0.101746,0.0991671,0.100379,0.100193,0.101925
2353,0.101569,0.100341,0.0967139,0.0985543,0.102544,0.101664,0.099557,0.101702,0.0999795,0.0973753
2354,0.0992426,0.0970181,0.100924,0.0991276,0.0992142,0.100248,0.100601,0.10105,0.102113,0.100462
2355,0.0995023,0.0987169,0.0991994,0.0997931,0.0997919,0.0998509,0.0963958,0.1039,0.10307,0.0997792
2356,0.097077,0.0964162,0.0986657,0.100484,0.100564,0.102998,0.100411,0.100281,0.103502,0.0996016
2357,0.0976763,0.100412,0.0999908,0.103321,0.0976548,0.0980445,0.099553,0.102273,0.0993448,0.10173
2358,0.101131,0.0976262,0.10234,0.104227,0.0971702,0.100596,0.10147,0.0998615,0.0965419,0.0990355
2359,0.101259,0.0950771,0.101495,0.103845,0.0979752,0.0981674,0.103721,0.102619,0.0952482,0.100593
2360,0.100084,0.0975912,0.0995742,0.101004,0.101715,0.0984941,0.0983515,0.104567,0.100424,0.0981956
2361,0.100029,0.0979338,0.103449,0.101498,0.096973,0.0996951,0.101393,0.0996097,0.0983997,0.10102
2362,0.102113,0.0982417,0.0995618,0.0958736,0.100759,0.100095,0.10202,0.100027,0.103468,0.0978403
2363,0.102038,0.0954792,0.101412,0.0983261,0.10098,0.101989,0.098918,0.10004,0.100878,0.0999401
2364,0.101776,0.0971798,0.103255,0.100806,0.10085,0.0992891,0.0987521,0.100391,0.0986329,0.0990688
2365,0.0987269,0.100975,0.0954153,0.102158,0.0995131,0.102513,0.098142,0.10136,0.102732,0.098465
2366,0.101839,0.098731,0.0973156,0.101726,0.0978133,0.100402,0.102909,0.100304,0.0995967,0.0993642
2367,0.0998809,0.0991632,0.097303,0.103067,0.0987562,0.101645,0.101196,0.0996347,0.100976,0.0983778
2368,0.100388,0.0967876,0.0998268,0.101059,0.0992444,0.0972319,0.103387,0.101865,0.0982146,0.101996
2369,0.102133,0.0995186,0.102801,0.100119,0.098147,0.0997879,0.0997655,0.0970388,0.1028,0.0978896
2370,0.102075,0.0977196,0.103107,0.100858,0.094864,0.100853,0.103621,0.0978889,0.101236,0.0977778
2371,0.0976053,0.0987618,0.097449,0.107625,0.0981817,0.0974937,0.0969471,0.101428,0.103556,0.100952
2372,0.100423,0.103636,0.100791,0.0961297,0.0987662,0.0975376,0.101887,0.0960305,0.102568,0.102231
2373,0.0990473,0.095793,0.105472,0.0965523,0.0964519,0.0992944,0.101819,0.103436,0.0987765,0.103358
2374,0.0979634,0.100606,0.0980202,0.0993059,0.1013,0.0979611,0.0978388,0.104778,0.102026,0.1002
2375,0.0988523,0.0997603,0.102758,0.10346,0.096613,0.0991475,0.0990843,0.102425,0.0994487,0.0984496
2376,0.0988974,0.0998199,0.100514,0.0999189,0.0979576,0.100323,0.0991456,0.0986341,0.104882,0.0999074
2377,0.0980372,0.100334,0.10098,0.101857,0.0983607,0.0990615,0.0985897,0.099958,0.103453,0.0993686
2378,0.0989568,0.099496,0.101912,0.0999147,0.0977532,0.0974581,0.0999622,0.104295,0.098627,0.101625
2379,0.0985285,0.0969653,0.0992525,0.106043,0.0984903,0.102717,0.0986715,0.100144,0.100426,0.0987613
2380,0.100727,0.10149,0.0959116,0.101663,0.099215,0.100514,0.0981537,0.0978817,0.104497,0.0999467
2381,0.0979434,0.0976885,0.0990973,0.103016,0.0989606,0.101854,0.0989824,0.101848,0.101554,0.0990566
2382,0.100042,0.0964265,0.0999845,0.0978853,0.0971573,0.100057,0.100805,0.10319,0.103946,0.100507
2383,0.0990655,0.0986028,0.103949,0.101306,0.0982801,0.097473,0.100995,0.0997446,0.099608,0.100976
2384,0.102492,0.10188,0.100765,0.0971635,0.0979107,0.0988875,0.104157,0.0955603,0.101107,0.100077
2385,0.10161,0.0985098,0.0987813,0.100665,0.0993801,0.100813,0.0990366,0.098078,0.103176,0.09995
2386,0.0956665,0.0999897,0.100191,0.103029,0.0986166,0.0983924,0.0994637,0.100804,0.101029,0.102817
2387,0.0992876,0.0983062,0.101074,0.102144,0.0990251,0.0979719,0.100231,0.0989839,0.101428,0.101548
2388,0.097899,0.099402,0.10239,0.0982437,0.100624,0.0997352,0.101619,0.101834,0.0973408,0.100912
2389,0.100148,0.102695,0.0980294,0.103656,0.101395,0.0984864,0.0966882,0.0968803,0.102831,0.0991908
2390,0.102126,0.096037,0.10112,0.10079,0.0963274,0.101412,0.103916,0.0988126,0.097891,0.101568
2391,0.101539,0.100367,0.0993001,0.0976224,0.101372,0.0992907,0.100049,0.0978059,0.103946,0.098708
2392,0.101589,0.0972968,0.0975263,0.102529,0.0967759,0.10114,0.10447,0.0986876,0.100005,0.0999793
2393,0.102883,0.0976633,0.103515,0.0977295,0.0979401,0.0988317,0.101571,0.099969,0.0973845,0.102513
2394,0.0966078,0.099037,0.100534,0.0992612,0.0969112,0.0988444,0.10045,0.104053,0.101529,0.102774
2395,0.0994647,0.100128,0.101458,0.0961352,0.100648,0.098324,0.101469,0.101225,0.100662,0.100487
2396,0.100433,0.0987876,0.100134,0.0988965,0.0969402,0.101399,0.103933,0.101444,0.0985425,0.0994907
2397,0.0977703,0.102691,0.100465,0.0999403,0.0997535,0.100397,0.0982946,0.0990036,0.100216,0.101469
2398,0.105126,0.0942836,0.0984288,0.103439,0.100827,0.100274,0.104205,0.0983081,0.0962219,0.0988853
2399,0.0979925,0.0987438,0.10101,0.102405,0.09926,0.0985342,0.0988033,0.101167,0.102978,0.0991056
2400,0.100726,0.100921,0.100318,0.0974243,0.0991287,0.0995161,0.101456,0.100918,0.100982,0.0986095
2401,0.0963747,0.100204,0.100008,0.10414,0.100635,0.0978694,0.097131,0.0997023,0.104295,0.0996406
2402,0.100996,0.0980384,0.0969151,0.104766,0.0984633,0.0996994,0.102524,0.0966408,0.100597,0.101359
2403,0.100682,0.0977992,0.0995962,0.100411,0.0968609,0.100391,0.098553,0.103008,0.102511,0.100188
2404,0.0988759,0.097274,0.0964985,0.104018,0.0973274,0.0985306,0.101896,0.100434,0.101683,0.103462
